Time (h)	Temperature (K)	Fission rate (fiss / m3 s)	Hydrostatic stress (MPa)	Steam pressure (atm)	System pressure (Pa)	O/M ratio (/)	BA2 (gas, at grain boundary) (g/m3)	BA2O (gas, at grain boundary) (g/m3)	BA2O2 (gas, at grain boundary) (g/m3)	BAMOO4 (gas, at grain boundary) (g/m3)	BAO (gas, at grain boundary) (g/m3)	CS (gas, at grain boundary) (g/m3)	CS2 (gas, at grain boundary) (g/m3)	CS2MOO4 (gas, at grain boundary) (g/m3)	CS2O (gas, at grain boundary) (g/m3)	CS2O2 (gas, at grain boundary) (g/m3)	CSO (gas, at grain boundary) (g/m3)	HE (gas, at grain boundary) (g/m3)	MO (gas, at grain boundary) (g/m3)	MO2 (gas, at grain boundary) (g/m3)	MO2O6 (gas, at grain boundary) (g/m3)	MO3O9 (gas, at grain boundary) (g/m3)	MO4O12 (gas, at grain boundary) (g/m3)	MO5O15 (gas, at grain boundary) (g/m3)	MOO (gas, at grain boundary) (g/m3)	MOO2 (gas, at grain boundary) (g/m3)	MOO3 (gas, at grain boundary) (g/m3)	O (gas, at grain boundary) (g/m3)	O2 (gas, at grain boundary) (g/m3)	O3 (gas, at grain boundary) (g/m3)	PD (gas, at grain boundary) (g/m3)	RH (gas, at grain boundary) (g/m3)	RU (gas, at grain boundary) (g/m3)	TC (gas, at grain boundary) (g/m3)	LIQUID (liquid, at grain boundary) (g/m3)	BA2MOO5 (condensed, at grain boundary) (g/m3)	BA3MOO6 (condensed, at grain boundary) (g/m3)	BAMO207 (condensed, at grain boundary) (g/m3)	BAMO3O10 (condensed, at grain boundary) (g/m3)	BAMOO4 (condensed, at grain boundary) (g/m3)	C1_MO2 (condensed, at grain boundary) (g/m3)	CS2MO2O7_S1 (condensed, at grain boundary) (g/m3)	CS2MO2O7_S2 (condensed, at grain boundary) (g/m3)	CS2MO3O10 (condensed, at grain boundary) (g/m3)	CS2MO4O13 (condensed, at grain boundary) (g/m3)	CS2MO5O16 (condensed, at grain boundary) (g/m3)	CS2MO7O22 (condensed, at grain boundary) (g/m3)	CS2MOO4_S1 (condensed, at grain boundary) (g/m3)	CS2MOO4_S2 (condensed, at grain boundary) (g/m3)	CS2O1 (condensed, at grain boundary) (g/m3)	CS2O2 (condensed, at grain boundary) (g/m3)	CS3O (condensed, at grain boundary) (g/m3)	CS4O (condensed, at grain boundary) (g/m3)	CS7O1 (condensed, at grain boundary) (g/m3)	CS7O2 (condensed, at grain boundary) (g/m3)	CSO2 (condensed, at grain boundary) (g/m3)	CSO3 (condensed, at grain boundary) (g/m3)	HALITE (condensed, at grain boundary) (g/m3)	MO2_C11A (condensed, at grain boundary) (g/m3)	MO4O11 (condensed, at grain boundary) (g/m3)	MO8O23 (condensed, at grain boundary) (g/m3)	MO9O26 (condensed, at grain boundary) (g/m3)	MOO2 (condensed, at grain boundary) (g/m3)	MOO3 (condensed, at grain boundary) (g/m3)	PEROVSKITE (condensed, at grain boundary) (g/m3)	ZRO2_TETR (condensed, at grain boundary) (g/m3)	A15_CR3SI (condensed, at grain boundary) (g/m3)	BCC_A2 (condensed, at grain boundary) (g/m3)	C14_LAVES (condensed, at grain boundary) (g/m3)	C15_LAVES (condensed, at grain boundary) (g/m3)	DIAMOND_A4 (condensed, at grain boundary) (g/m3)	DIS_SIG (condensed, at grain boundary) (g/m3)	FCC_A1 (condensed, at grain boundary) (g/m3)	HCP_A3 (condensed, at grain boundary) (g/m3)	HCP_DIS (condensed, at grain boundary) (g/m3)	MC_ETA (condensed, at grain boundary) (g/m3)	MO3TE4 (condensed, at grain boundary) (g/m3)	MOPD2 (condensed, at grain boundary) (g/m3)	MOTE2_A (condensed, at grain boundary) (g/m3)	MOTE2_B (condensed, at grain boundary) (g/m3)	ORTHORHOMBIC_A20 (condensed, at grain boundary) (g/m3)	SIGMA (condensed, at grain boundary) (g/m3)	TETRAGONAL_U (condensed, at grain boundary) (g/m3)	O (gas, matrix) (g/m3)	O2 (gas, matrix) (g/m3)	C1_MO2 (condensed, matrix) (g/m3)	PU2O3 (condensed, matrix) (g/m3)	PUO152 (condensed, matrix) (g/m3)	PUO161 (condensed, matrix) (g/m3)	U3O8_S1 (condensed, matrix) (g/m3)	U3O8_S2 (condensed, matrix) (g/m3)	U3O8_S3 (condensed, matrix) (g/m3)	U3O8_S4 (condensed, matrix) (g/m3)	U4O9_S1 (condensed, matrix) (g/m3)	U4O9_S2 (condensed, matrix) (g/m3)	U4O9_S3 (condensed, matrix) (g/m3)	UO3 (condensed, matrix) (g/m3)	
0	909	3.45e+19	0	0	100000	1.975	0	0	0	0	0	0	0	0	0	0	0	0	0	0	0	0	0	0	0	0	0	0	0	0	0	0	0	0	0	0	0	0	0	0	0	0	0	0	0	0	0	0	0	0	0	0	0	0	0	0	0	0	0	0	0	0	0	0	0	0	0	0	0	0	0	0	0	0	0	0	0	0	0	0	0	0	0	0	0	0	0	0	0	0	0	0	0	0	0	0	0	
28	909	3.45e+19	0	0	100000	1.97525	0	0	0	0	0	0	0	0	0	0	0	0	0	0	0	0	0	0	0	0	0	0	0	0	0	0	0	0	0	0	0	0	0	0	0	0	0	0	0	0	0	0	0	0	0	0	0	0	0	0	0	0	0	0	0	0	0	0	0	0	0	0	0	0	0	0	0	0	0	0	0	0	0	0	0	0	0	0	0	0	0	0	0	0	0	0	0	0	0	0	0	
56	909	3.45e+19	0	0	100000	1.9755	0	0	0	0	0	0	0	0	0	0	0	0	0	0	0	0	0	0	0	0	0	0	0	0	0	0	0	0	631.6	0	0	0	0	0	0	0	0	0	0	0	0	0	0	0	0	0	0	0	0	0	0	175.3	0	0	0	0	0	0	0	0	0	0	0	0	0	0	0	866.3	0	0	0	0	0	0	0	0	0	0	0	0	0	0	0	0	0	0	0	0	0	0	0	
84	909	3.45e+19	0	0	100000	1.97575	0	0	0	0	0	0	0	0	0	0	0	0	0	0	0	0	0	0	0	0	0	0	0	0	0	0	0	0	965.4	0	0	0	0	0	0	0	0	0	0	0	0	0	0	0	0	0	0	0	0	0	0	263	0	0	0	0	0	0	0	0	0	0	0	0	0	0	0	1298	0	0	0	0	0	0	0	0	0	0	0	0	0	0	0	0	0	0	0	0	0	0	0	
112	909	3.45e+19	0	0	100000	1.976	0	0	0	0	0	0	0	0	0	0	0	0	0	0	0	0	0	0	0	0	0	0	0	0	0	0	0	0	1288	0	0	0	0	0	0	0	0	0	0	0	0	0	0	0	0	0	0	0	0	0	0	350.6	0	0	0	0	0	0	0	0	0	0	0	0	0	0	0	1731	0	0	0	0	0	0	0	0	0	0	0	0	0	0	0	0	0	0	0	0	0	0	0	
140	909	3.45e+19	0	0	100000	1.97625	0	0	0	0	0	0	0	0	0	0	0	0	0	0	0	0	0	0	0	0	0	0	0	0	0	0	0	0	1610	0	0	0	0	0	0	0	0	0	0	0	0	0	0	0	0	0	0	0	0	0	0	438.3	0	0	0	0	0	0	0	0	0	0	0	0	0	0	0	2164	0	0	0	0	0	0	0	0	0	0	0	0	0	0	0	0	0	0	0	0	0	0	0	
168	909	3.45e+19	0	0	100000	1.9765	0	0	0	0	0	0	0	0	0	0	0	0	0	0	0	0	0	0	0	0	0	0	0	0	0	0	0	0	1932	0	0	0	0	0	0	0	0	0	0	0	0	0	0	0	0	0	0	0	0	0	0	525.9	0	0	0	0	0	0	0	0	0	0	0	0	0	0	0	2596	0	0	0	0	0	0	0	0	0	0	0	0	0	0	0	0	0	0	0	0	0	0	0	
196	909	3.45e+19	0	0	100000	1.97675	0	0	0	0	0	0	0	0	0	0	0	0	0	0	0	0	0	0	0	0	0	0	0	0	0	0	0	0	2254	0	0	0	0	0	0	0	0	0	0	0	0	0	0	0	0	0	0	0	0	0	0	613.6	0	0	0	0	0	0	0	0	0	0	0	0	0	0	0	3029	0	0	0	0	0	0	0	0	0	0	0	0	0	0	0	0	0	0	0	0	0	0	0	
224	909	3.45e+19	0	0	100000	1.977	0	0	0	0	0	0	0	0	0	0	0	0	0	0	0	0	0	0	0	0	0	0	0	0	0	0	0	0	2576	0	0	0	0	0	0	0	0	0	0	0	0	0	0	0	0	0	0	0	0	0	0	701.3	0	0	0	0	0	0	0	0	0	0	0	0	0	0	0	3462	0	0	0	0	0	0	0	0	0	0	0	0	0	0	0	0	0	0	0	0	0	0	0	
252	909	3.45e+19	0	0	100000	1.97725	0	0	0	0	0	0	0	0	0	0	0	0	0	0	0	0	0	0	0	0	0	0	0	0	0	0	0	0	2898	0	0	0	0	0	0	0	0	0	0	0	0	0	0	0	0	0	0	0	0	0	0	788.9	0	0	0	0	0	0	0	0	0	0	0	0	0	0	0	3895	0	0	0	0	0	0	0	0	0	0	0	0	0	0	0	0	0	0	0	0	0	0	0	
280	909	3.45e+19	0	0	100000	1.9775	0	0	0	0	0	0	0	0	0	0	0	0	0	0	0	0	0	0	0	0	0	0	0	0	0	0	0	0	3220	0	0	0	0	0	0	0	0	0	0	0	0	0	0	0	0	0	0	0	0	0	0	876.6	0	0	0	0	0	0	0	0	0	0	0	0	0	0	0	4327	0	0	0	0	0	0	0	0	0	0	0	0	0	0	0	0	0	0	0	0	0	0	0	
308	909	3.45e+19	0	0	100000	1.97775	0	0	0	0	0	0	0	0	0	0	0	0	0	0	0	0	0	0	0	0	0	0	0	0	0	0	0	0	3542	0	0	0	0	0	0	0	0	0	0	0	0	0	0	0	0	0	0	0	0	0	0	964.2	0	0	0	0	0	0	0	0	0	0	0	0	0	0	0	4760	0	0	0	0	0	0	0	0	0	0	0	0	0	0	0	0	0	0	0	0	0	0	0	
336	909	3.45e+19	0	0	100000	1.978	0	0	0	0	0	0	0	0	0	0	0	0	0	0	0	0	0	0	0	0	0	0	0	0	0	0	0	0	3863	0	0	0	0	0	0	0	0	0	0	0	0	0	0	0	0	0	0	0	0	0	0	1052	0	0	0	0	0	0	0	0	0	0	0	0	0	0	0	5193	0	0	0	0	0	0	0	0	0	0	0	0	0	0	0	0	0	0	0	0	0	0	0	
364	909	3.45e+19	0	0	100000	1.97825	0	0	0	0	0	0	0	0	0	0	0	0	0	0	0	0	0	0	0	0	0	0	0	0	0	0	0	0	4185	0	0	0	0	0	0	0	0	0	0	0	0	0	0	0	0	0	0	0	0	0	0	1140	0	0	0	0	0	0	0	0	0	0	0	0	0	0	0	5626	0	0	0	0	0	0	0	0	0	0	0	0	0	0	0	0	0	0	0	0	0	0	0	
392	909	3.45e+19	0	0	100000	1.9785	0	0	0	0	0	0	0	0	0	0	0	0	0	0	0	0	0	0	0	0	0	0	0	0	0	0	0	0	4507	0	0	0	0	0	0	0	0	0	0	0	0	0	0	0	0	0	0	0	0	0	0	1227	0	0	0	0	0	0	0	0	0	0	0	0	0	0	0	6058	0	0	0	0	0	0	0	0	0	0	0	0	0	0	0	0	0	0	0	0	0	0	0	
420	909	3.45e+19	0	0	100000	1.97875	0	0	0	0	0	0	0	0	0	0	0	0	0	0	0	0	0	0	0	0	0	0	0	0	0	0	0	0	4829	0	0	0	0	0	0	0	0	0	0	0	0	0	0	0	0	0	0	0	0	0	0	1315	0	0	0	0	0	0	0	0	0	0	0	0	0	0	0	6491	0	0	0	0	0	0	0	0	0	0	0	0	0	0	0	0	0	0	0	0	0	0	0	
448	909	3.45e+19	0	0	100000	1.979	0	0	0	0	0	0	0	0	0	0	0	0	0	0	0	0	0	0	0	0	0	0	0	0	0	0	0	0	5151	0	0	0	0	0	0	0	0	0	0	0	0	0	0	0	0	0	0	0	0	0	0	1403	0	0	0	0	0	0	0	0	0	0	0	0	0	0	0	6924	0	0	0	0	0	0	0	0	0	0	0	0	0	0	0	0	0	0	0	0	0	0	0	
476	909	3.45e+19	0	0	100000	1.97925	0	0	0	0	0	0	0	0	0	0	0	0	0	0	0	0	0	0	0	0	0	0	0	0	0	0	0	0	5473	0	0	0	0	0	0	0	0	0	0	0	0	0	0	0	0	0	0	0	0	0	0	1490	0	0	0	0	0	0	0	0	0	0	0	0	0	0	0	7357	0	0	0	0	0	0	0	0	0	0	0	0	0	0	0	0	0	0	0	0	0	0	0	
504	909	3.45e+19	0	0	100000	1.9795	0	0	0	0	0	0	0	0	0	0	0	0	0	0	0	0	0	0	0	0	0	0	0	0	0	0	0	0	5795	0	0	0	0	0	0	0	0	0	0	0	0	0	0	0	0	0	0	0	0	0	0	1578	0	0	0	0	0	0	0	0	0	0	0	0	0	0	0	7789	0	0	0	0	0	0	0	0	0	0	0	0	0	0	0	0	0	0	0	0	0	0	0	
532	909	3.45e+19	0	0	100000	1.97975	0	0	0	0	0	0	0	0	0	0	0	0	0	0	0	0	0	0	0	0	0	0	0	0	0	0	0	0	6117	0	0	0	0	0	0	0	0	0	0	0	0	0	0	0	0	0	0	0	0	0	0	1665	0	0	0	0	0	0	0	0	0	0	0	0	0	0	0	8222	0	0	0	0	0	0	0	0	0	0	0	0	0	0	0	0	0	0	0	0	0	0	0	
560	909	3.45e+19	0	0	100000	1.98	0	0	0	0	0	0	0	0	0	0	0	0	0	0	0	0	0	0	0	0	0	0	0	0	0	0	0	0	6439	0	0	0	0	0	0	0	0	0	0	0	0	0	0	0	0	0	0	0	0	0	0	1753	0	0	0	0	0	0	0	0	0	0	0	0	0	0	0	8655	0	0	0	0	0	0	0	0	0	0	0	0	0	0	0	0	0	0	0	0	0	0	0	
588	909	3.45e+19	0	0	100000	1.98025	0	0	0	0	0	0	0	0	0	0	0	0	0	0	0	0	0	0	0	0	0	0	0	0	0	0	0	0	6761	0	0	0	0	0	0	0	0	0	0	0	0	0	0	0	0	0	0	0	0	0	0	1841	0	0	0	0	0	0	0	0	0	0	0	0	0	0	0	9088	0	0	0	0	0	0	0	0	0	0	0	0	0	0	0	0	0	0	0	0	0	0	0	
616	909	3.45e+19	0	0	100000	1.9805	0	0	0	0	0	0	0	0	0	0	0	0	0	0	0	0	0	0	0	0	0	0	0	0	0	0	0	0	7083	0	0	0	0	0	0	0	0	0	0	0	0	0	0	0	0	0	0	0	0	0	0	1928	0	0	0	0	0	0	0	0	0	0	0	0	0	0	0	9520	0	0	0	0	0	0	0	0	0	0	0	0	0	0	0	0	0	0	0	0	0	0	0	
644	909	3.45e+19	0	0	100000	1.98075	0	0	0	0	0	0	0	0	0	0	0	0	0	0	0	0	0	0	0	0	0	0	0	0	0	0	0	0	7405	0	0	0	0	0	0	0	0	0	0	0	0	0	0	0	0	0	0	0	0	0	0	2016	0	0	0	0	0	0	0	0	0	0	0	0	0	0	0	9953	0	0	0	0	0	0	0	0	0	0	0	0	0	0	0	0	0	0	0	0	0	0	0	
672	909	3.45e+19	0	0	100000	1.981	0	0	0	0	0	0	0	0	0	0	0	0	0	0	0	0	0	0	0	0	0	0	0	0	0	0	0	0	7727	0	0	0	0	0	0	0	0	0	0	0	0	0	0	0	0	0	0	0	0	0	0	2104	0	0	0	0	0	0	0	0	0	0	0	0	0	0	0	1.039e+04	0	0	0	0	0	0	0	0	0	0	0	0	0	0	0	0	0	0	0	0	0	0	0	
700	909	3.45e+19	0	0	100000	1.98125	0	0	0	0	0	0	0	0	0	0	0	0	0	0	0	0	0	0	0	0	0	0	0	0	0	0	0	0	8095	0	378.6	0	0	0	0	0	0	0	0	0	0	0	0	0	0	0	0	0	0	0	0	1903	0	0	0	0	0	0	0	0	0	0	0	0	0	0	0	1.071e+04	0	0	0	0	0	0	0	0	0	0	0	0	0	0	0	0	0	0	0	0	0	0	0	
728	909	3.45e+19	0	0	100000	1.9815	0	0	0	0	0	0	0	0	0	0	0	0	0	0	0	0	0	0	0	0	0	0	0	0	0	0	0	0	8477	0	869.3	0	0	0	0	0	0	0	0	0	0	0	0	0	0	0	0	0	0	0	0	1617	0	0	0	0	0	0	0	0	0	0	0	0	0	0	0	1.101e+04	0	0	0	0	0	0	0	0	0	0	0	0	0	0	0	0	0	0	0	0	0	0	0	
756	909	3.45e+19	0	0	100000	1.98175	0	0	0	0	0	0	0	0	0	0	0	0	0	0	0	0	0	0	0	0	0	0	0	0	0	0	0	0	8864	0	1389	0	0	0	0	0	0	0	0	0	0	0	0	0	0	0	0	0	0	0	0	1309	0	0	0	0	0	0	0	0	0	0	0	0	0	0	0	1.129e+04	0	0	0	0	0	0	0	0	0	0	0	0	0	0	0	0	0	0	0	0	0	0	0	
784	909	3.45e+19	0	0	100000	1.982	0	0	0	0	0	0	0	0	0	0	0	0	0	0	0	0	0	0	0	0	0	0	0	0	0	0	0	0	9255	0	1938	0	0	0	0	0	0	0	0	0	0	0	0	0	0	0	0	0	0	0	0	978.6	0	0	0	0	0	0	0	0	0	0	0	0	0	0	0	1.157e+04	0	0	0	0	0	0	0	0	0	0	0	0	0	0	0	0	0	0	0	0	0	0	0	
812	909	3.45e+19	0	0	100000	1.98225	0	0	0	0	0	0	0	0	0	0	0	0	0	0	0	0	0	0	0	0	0	0	0	0	0	0	0	0	9651	0	2515	0	0	0	0	0	0	0	0	0	0	0	0	0	0	0	0	0	0	0	0	626.3	0	0	0	0	0	0	0	0	0	0	0	0	0	0	0	1.184e+04	0	0	0	0	0	0	0	0	0	0	0	0	0	0	0	0	0	0	0	0	0	0	0	
840	909	3.45e+19	0	0	100000	1.9825	0	0	0	0	0	0	0	0	0	0	0	0	0	0	0	0	0	0	0	0	0	0	0	0	0	0	0	0	1.005e+04	0	3122	0	0	0	0	0	0	0	0	0	0	0	0	0	0	0	0	0	0	0	0	251.8	0	0	0	0	0	0	0	0	0	0	0	0	0	0	0	1.209e+04	0	0	0	0	0	0	0	0	0	0	0	0	0	0	0	0	0	0	0	0	0	0	0	
868	909	3.45e+19	0	0	100000	1.98275	0	0	0	0	0	0	0	0	0	0	0	0	0	0	0	0	0	0	0	0	0	0	0	0	0	0	0	0	1.043e+04	0	3568	0	0	0	0	0	0	0	0	0	0	0	0	0	0	0	0	0	0	0	0	0	0	0	0	0	0	0	0	0	0	0	0	0	0	0	0	1.24e+04	0	0	0	0	0	0	0	0	0	0	0	0	0	0	0	0	0	0	0	0	0	0	0	
896	909	3.45e+19	0	0	100000	1.983	0	0	0	0	0	0	0	0	0	0	0	0	0	0	0	0	0	0	0	0	0	0	0	0	0	0	0	0	1.077e+04	0	3683	0	0	0	0	0	0	0	0	0	0	0	0	0	0	0	0	0	0	0	0	0	0	0	0	0	0	0	0	0	0	0	0	0	0	0	0	1.28e+04	0	0	0	0	0	0	0	0	0	0	0	0	0	0	0	0	0	0	0	0	0	0	0	
924	909	3.45e+19	0	0	100000	1.98325	0	0	0	0	0	0	0	0	0	0	0	0	0	0	0	0	0	0	0	0	0	0	0	0	0	0	0	0	1.11e+04	0	3798	0	0	0	0	0	0	0	0	0	0	0	0	0	0	0	0	0	0	0	0	0	0	0	0	0	0	0	0	0	0	0	0	0	0	0	0	1.32e+04	0	0	0	0	0	0	0	0	0	0	0	0	0	0	0	0	0	0	0	0	0	0	0	
952	909	3.45e+19	0	0	100000	1.9835	0	0	0	0	0	0	0	0	0	0	0	0	0	0	0	0	0	0	0	0	0	0	0	0	0	0	0	0	1.144e+04	0	3913	0	0	0	0	0	0	0	0	0	0	0	0	0	0	0	0	0	0	0	0	0	0	0	0	0	0	0	0	0	0	0	0	0	0	0	0	1.36e+04	0	0	0	0	0	0	0	0	0	0	0	0	0	0	0	0	0	0	0	0	0	0	0	
980	909	3.45e+19	0	0	100000	1.98375	0	0	0	0	0	0	0	0	0	0	0	0	0	0	0	0	0	0	0	0	0	0	0	0	0	0	0	0	1.178e+04	0	4028	0	0	0	0	0	0	0	0	0	0	0	0	0	0	0	0	0	0	0	0	0	0	0	0	0	0	0	0	0	0	0	0	0	0	0	0	1.4e+04	0	0	0	0	0	0	0	0	0	0	0	0	0	0	0	0	0	0	0	0	0	0	0	
1008	909	3.45e+19	0	0	100000	1.984	0	0	0	0	0	0	0	0	0	0	0	0	0	0	0	0	0	0	0	0	0	0	0	0	0	0	0	0	1.211e+04	0	4143	0	0	0	0	0	0	0	0	0	0	0	0	0	0	0	0	0	0	0	0	0	0	0	0	0	0	0	0	0	0	0	0	0	0	0	0	1.44e+04	0	0	0	0	0	0	0	0	0	0	0	0	0	0	0	0	0	0	0	0	0	0	0	
1036	909	3.45e+19	0	0	100000	1.98425	0	0	0	0	0	0	0	0	0	0	0	0	0	0	0	0	0	0	0	0	0	0	0	0	0	0	0	0	1.245e+04	0	4258	0	0	0	0	0	0	0	0	0	0	0	0	0	0	0	0	0	0	0	0	0	0	0	0	0	0	0	0	0	0	0	0	0	0	0	0	1.48e+04	0	0	0	0	0	0	0	0	0	0	0	0	0	0	0	0	0	0	0	0	0	0	0	
1064	909	3.45e+19	0	0	100000	1.9845	0	0	0	0	0	0	0	0	0	0	0	0	0	0	0	0	0	0	0	0	0	0	0	0	0	0	0	0	1.279e+04	0	4373	0	0	0	0	0	0	0	0	0	0	0	0	0	0	0	0	0	0	0	0	0	0	0	0	0	0	0	0	0	0	0	0	0	0	0	0	1.52e+04	0	0	0	0	0	0	0	0	0	0	0	0	0	0	0	0	0	0	0	0	0	0	0	
1092	909	3.45e+19	0	0	100000	1.98475	0	0	0	0	0	0	0	0	0	0	0	0	0	0	0	0	0	0	0	0	0	0	0	0	0	0	0	0	1.312e+04	0	4488	0	0	0	0	0	0	0	0	0	0	0	0	0	0	0	0	0	0	0	0	0	0	0	0	0	0	0	0	0	0	0	0	0	0	0	0	1.56e+04	0	0	0	0	0	0	0	0	0	0	0	0	0	0	0	0	0	0	0	0	0	0	0	
1120	909	3.45e+19	0	0	100000	1.985	0	0	0	0	0	0	0	0	0	0	0	0	0	0	0	0	0	0	0	0	0	0	0	0	0	0	0	0	1.346e+04	0	4603	0	0	0	0	0	0	0	0	0	0	0	0	0	0	0	0	0	0	0	0	0	0	0	0	0	0	0	0	0	0	0	0	0	0	0	0	1.6e+04	0	0	0	0	0	0	0	0	0	0	0	0	0	0	0	0	0	0	0	0	0	0	0	
1148	909	3.45e+19	0	0	100000	1.98525	0	0	0	0	0	0	0	0	0	0	0	0	0	0	0	0	0	0	0	0	0	0	0	0	0	0	0	0	1.38e+04	0	4719	0	0	0	0	0	0	0	0	0	0	0	0	0	0	0	0	0	0	0	0	0	0	0	0	0	0	0	0	0	0	0	0	0	0	0	0	1.64e+04	0	0	0	0	0	0	0	0	0	0	0	0	0	0	0	0	0	0	0	0	0	0	0	
1176	909	3.45e+19	0	0	100000	1.9855	0	0	0	0	0	0	0	0	0	0	0	0	0	0	0	0	0	0	0	0	0	0	0	0	0	0	0	0	1.423e+04	0	4834	0	0	0	0	0	0	0	0	0	0	0	0	0	0	0	0	0	0	0	0	0	0	0	0	0	0	0	0	0	0	0	0	0	0	0	0	1.674e+04	0	0	0	0	0	0	0	0	0	0	0	0	0	0	0	0	0	0	0	0	0	0	0	
1204	909	3.45e+19	0	0	100000	1.98575	0	0	0	0	0	0	0	0	0	0	0	0	0	0	0	0	0	0	0	0	0	0	0	0	0	0	0	0	1.468e+04	0	4949	0	0	0	0	0	0	0	0	0	0	0	0	0	0	0	0	0	0	0	0	0	0	0	0	0	0	0	0	0	0	0	0	0	0	0	0	1.709e+04	0	0	0	0	0	0	0	0	0	0	0	0	0	0	0	0	0	0	0	0	0	0	0	
1232	909	3.45e+19	0	0	100000	1.986	0	0	0	0	0	0	0	0	0	0	0	0	0	0	0	0	0	0	0	0	0	0	0	0	0	0	0	0	1.511e+04	0	5064	0	0	0	0	0	0	0	0	0	0	0	0	0	0	0	0	0	0	0	0	0	0	0	0	0	0	0	0	0	0	0	0	0	0	0	151.7	1.73e+04	0	0	0	0	0	0	0	0	0	0	0	0	0	0	0	0	0	0	0	0	0	0	0	
1260	909	3.45e+19	0	0	100000	1.98625	0	0	0	0	0	0	0	0	0	0	0	0	0	0	0	0	0	0	0	0	0	0	0	0	0	0	0	0	1.548e+04	0	5179	0	0	0	0	0	0	0	0	0	0	0	0	0	0	0	0	0	0	0	0	0	0	0	0	0	0	0	0	0	0	0	0	0	0	0	1190	1.673e+04	0	0	0	0	0	0	0	0	0	0	0	0	0	0	0	0	0	0	0	0	0	0	0	
1288	909	3.45e+19	0	0	100000	1.9865	0	0	0	0	0	0	0	0	0	0	0	0	0	0	0	0	0	0	0	0	0	0	0	0	0	0	0	0	1.584e+04	0	5294	0	0	0	0	0	0	0	0	0	0	0	0	0	0	0	0	0	0	0	0	0	0	0	0	0	0	0	0	0	0	0	0	0	0	0	2300	1.61e+04	0	0	0	0	0	0	0	0	0	0	0	0	0	0	0	0	0	0	0	0	0	0	0	
1316	909	3.45e+19	0	0	100000	1.98675	0	0	0	0	0	0	0	0	0	0	0	0	0	0	0	0	0	0	0	0	0	0	0	0	0	0	0	0	1.62e+04	0	5409	0	0	0	0	0	0	0	0	0	0	0	0	0	0	0	0	0	0	0	0	0	0	0	0	0	0	0	0	0	0	0	0	0	0	0	3547	1.536e+04	0	0	0	0	0	0	0	0	0	0	0	0	0	0	0	0	0	0	0	0	0	0	0	
1344	909	3.45e+19	0	0	100000	1.987	0	0	0	0	0	0	0	0	0	0	0	0	0	0	0	0	0	0	0	0	0	0	0	0	0	0	0	0	1.548e+04	0	5524	0	0	0	0	0	0	0	0	0	0	0	0	0	0	0	0	0	0	0	0	0	0	0	0	0	0	0	0	0	0	0	0	0	0	0	1.058e+04	1.016e+04	0	0	0	0	0	0	0	0	0	0	0	0	0	0	0	0	0	0	0	0	0	0	0	
1372	909	3.45e+19	0	0	100000	1.98725	0	0	0	0	0	0	0	0	0	0	0	0	0	0	0	0	0	0	0	0	0	0	0	0	0	0	0	0	1.597e+04	0	5639	0	0	0	0	0	0	0	0	0	0	0	0	0	0	0	0	0	0	0	0	0	0	0	0	0	0	0	0	0	0	0	0	0	0	0	1.076e+04	1.03e+04	0	0	0	0	0	0	0	0	0	0	0	0	0	0	0	0	0	0	0	0	0	0	0	
1400	909	3.45e+19	0	0	100000	1.9875	0	0	0	0	0	0	0	0	0	0	0	0	0	0	0	0	0	0	0	0	0	0	0	0	0	0	0	0	1.647e+04	0	5754	0	0	0	0	0	0	0	0	0	0	0	0	0	0	0	0	0	0	0	0	0	0	0	0	0	0	0	0	0	0	0	0	0	0	0	1.092e+04	1.044e+04	0	0	0	0	0	0	0	0	0	0	0	0	0	0	0	0	0	0	0	0	0	0	0	
1428	909	3.45e+19	0	0	100000	1.98775	0	0	0	0	0	0	0	0	0	0	0	0	0	0	0	0	0	0	0	0	0	0	0	0	0	0	0	0	1.698e+04	0	5869	0	0	0	0	0	0	0	0	0	0	0	0	0	0	0	0	0	0	0	0	0	0	0	0	0	0	0	0	0	0	0	0	0	0	0	1.108e+04	1.058e+04	0	0	0	0	0	0	0	0	0	0	0	0	0	0	0	0	0	0	0	0	0	0	0	
1456	909	3.45e+19	0	0	100000	1.988	0	0	0	0	0	0	0	0	0	0	0	0	0	0	0	0	0	0	0	0	0	0	0	0	0	0	0	0	1.749e+04	0	5985	0	0	0	0	0	0	0	0	0	0	0	0	0	0	0	0	0	0	0	0	0	0	0	0	0	0	0	0	0	0	0	0	0	0	0	1.124e+04	1.072e+04	0	0	0	0	0	0	0	0	0	0	0	0	0	0	0	0	0	0	0	0	0	0	0	
1484	909	3.45e+19	0	0	100000	1.98825	0	0	0	0	0	0	0	0	0	0	0	0	0	0	0	0	0	0	0	0	0	0	0	0	0	0	0	0	1.802e+04	0	6100	0	0	0	0	0	0	0	0	0	0	0	0	0	0	0	0	0	0	0	0	0	0	0	0	0	0	0	0	0	0	0	0	0	0	0	1.139e+04	1.086e+04	0	0	0	0	0	0	0	0	0	0	0	0	0	0	0	0	0	0	0	0	0	0	0	
1512	909	3.45e+19	0	0	100000	1.9885	0	0	0	0	0	0	0	0	0	0	0	0	0	0	0	0	0	0	0	0	0	0	0	0	0	0	0	0	1.855e+04	0	6215	0	0	0	0	0	0	0	0	0	0	0	0	0	0	0	0	0	0	0	0	0	0	0	0	0	0	0	0	0	0	0	0	0	0	0	1.154e+04	1.1e+04	0	0	0	0	0	0	0	0	0	0	0	0	0	0	0	0	0	0	0	0	0	0	0	
1540	909	3.45e+19	0	0	100000	1.98875	0	0	0	0	0	0	0	0	0	0	0	0	0	0	0	0	0	0	0	0	0	0	0	0	0	0	0	0	1.91e+04	0	6330	0	0	0	0	0	0	0	0	0	0	0	0	0	0	0	0	0	0	0	0	0	0	0	0	0	0	0	0	0	0	0	0	0	0	0	1.169e+04	1.114e+04	0	0	0	0	0	0	0	0	0	0	0	0	0	0	0	0	0	0	0	0	0	0	0	
1568	909	3.45e+19	0	0	100000	1.989	0	0	0	0	0	0	0	0	0	0	0	0	0	0	0	0	0	0	0	0	0	0	0	0	0	0	0	0	1.965e+04	0	6445	0	0	0	0	0	0	0	0	0	0	0	0	0	0	0	0	0	0	0	0	0	0	0	0	0	0	0	0	0	0	0	0	0	0	0	1.182e+04	1.127e+04	0	0	0	0	0	0	0	0	0	0	0	0	0	0	0	0	0	0	0	0	0	0	0	
1596	909	3.45e+19	0	0	100000	1.98925	0	0	0	0	0	0	0	0	0	0	0	0	0	0	0	0	0	0	0	0	0	0	0	0	0	0	0	0	2.02e+04	0	6560	0	0	0	0	0	0	0	0	0	0	0	0	0	0	0	0	0	0	0	0	0	0	0	0	0	0	0	0	0	0	0	0	0	0	0	1.196e+04	1.141e+04	0	0	0	0	0	0	0	0	0	0	0	0	0	0	0	0	0	0	0	0	0	0	0	
1624	909	3.45e+19	0	0	100000	1.9895	0	0	0	0	0	0	0	0	0	0	0	0	0	0	0	0	0	0	0	0	0	0	0	0	0	0	0	0	2.077e+04	0	6675	0	0	0	0	0	0	0	0	0	0	0	0	0	0	0	0	0	0	0	0	0	0	0	0	0	0	0	0	0	0	0	0	0	0	0	1.209e+04	1.154e+04	0	0	0	0	0	0	0	0	0	0	0	0	0	0	0	0	0	0	0	0	0	0	0	
1652	909	3.45e+19	0	0	100000	1.98975	0	0	0	0	0	0	0	0	0	0	0	0	0	0	0	0	0	0	0	0	0	0	0	0	0	0	0	0	2.134e+04	0	6790	0	0	0	0	0	0	0	0	0	0	0	0	0	0	0	0	0	0	0	0	0	0	0	0	0	0	0	0	0	0	0	0	0	0	0	1.222e+04	1.167e+04	0	0	0	0	0	0	0	0	0	0	0	0	0	0	0	0	0	0	0	0	0	0	0	
1680	909	3.45e+19	0	0	100000	1.99	0	0	0	0	0	0	0	0	0	0	0	0	0	0	0	0	0	0	0	0	0	0	0	0	0	0	0	0	2.192e+04	0	6905	0	0	0	0	0	0	0	0	0	0	0	0	0	0	0	0	0	0	0	0	0	0	0	0	0	0	0	0	0	0	0	0	0	0	0	1.234e+04	1.181e+04	0	0	0	0	0	0	0	0	0	0	0	0	0	0	0	0	0	0	0	0	0	0	0	
1708	909	3.45e+19	0	0	100000	1.99025	0	0	0	0	0	0	0	0	0	0	0	0	0	0	0	0	0	0	0	0	0	0	0	0	0	0	0	0	2.251e+04	0	7020	0	0	0	0	0	0	0	0	0	0	0	0	0	0	0	0	0	0	0	0	0	0	0	0	0	0	0	0	0	0	0	0	0	0	0	1.246e+04	1.194e+04	0	0	0	0	0	0	0	0	0	0	0	0	0	0	0	0	0	0	0	0	0	0	0	
1736	909	3.45e+19	0	0	100000	1.9905	0	0	0	0	0	0	0	0	0	0	0	0	0	0	0	0	0	0	0	0	0	0	0	0	0	0	0	0	2.31e+04	0	7135	0	0	0	0	0	0	0	0	0	0	0	0	0	0	0	0	0	0	0	0	0	0	0	0	0	0	0	0	0	0	0	0	0	0	0	1.257e+04	1.207e+04	0	0	0	0	0	0	0	0	0	0	0	0	0	0	0	0	0	0	0	0	0	0	0	
1764	909	3.45e+19	0	0	100000	1.99075	0	0	0	0	0	0	0	0	0	0	0	0	0	0	0	0	0	0	0	0	0	0	0	0	0	0	0	0	2.37e+04	0	7250	0	0	0	0	0	0	0	0	0	0	0	0	0	0	0	0	0	0	0	0	0	0	0	0	0	0	0	0	0	0	0	0	0	0	0	1.269e+04	1.22e+04	0	0	0	0	0	0	0	0	0	0	0	0	0	0	0	0	0	0	0	0	0	0	0	
1792	909	3.45e+19	0	0	100000	1.991	0	0	0	0	0	0	0	0	0	0	0	0	0	0	0	0	0	0	0	0	0	0	0	0	0	0	0	0	2.307e+04	0	7366	0	0	0	0	0	0	0	0	0	0	0	1222	0	0	0	0	0	0	0	0	0	0	0	0	0	0	0	0	0	0	0	0	0	0	0	1.277e+04	1.241e+04	0	0	0	0	0	0	0	0	0	0	0	0	0	0	0	0	0	0	0	0	0	0	0	
1820	909	3.45e+19	0	0	100000	1.99125	0	0	0	0	0	0	0	0	0	0	0	0	0	0	0	0	0	0	0	0	0	0	0	0	0	0	0	0	2.186e+04	0	7481	0	0	0	0	0	0	0	0	0	0	0	3012	0	0	0	0	0	0	0	0	0	0	0	0	0	0	0	0	0	0	0	0	0	0	0	1.283e+04	1.266e+04	0	0	0	0	0	0	0	0	0	0	0	0	0	0	0	0	0	0	0	0	0	0	0	
1848	909	3.45e+19	0	0	100000	1.9915	0	0	0	0	0	0	0	0	0	0	0	0	0	0	0	0	0	0	0	0	0	0	0	0	0	0	0	0	2.065e+04	0	7596	0	0	0	0	0	0	0	0	0	0	0	4793	0	0	0	0	0	0	0	0	0	0	0	0	0	0	0	0	0	0	0	0	0	0	0	1.289e+04	1.291e+04	0	0	0	0	0	0	0	0	0	0	0	0	0	0	0	0	0	0	0	0	0	0	0	
1876	909	3.45e+19	0	0	100000	1.99175	0	0	0	0	0	0	0	0	0	0	0	0	0	0	0	0	0	0	0	0	0	0	0	0	0	0	0	0	1.945e+04	0	7711	0	0	0	0	0	0	0	0	0	0	0	6565	0	0	0	0	0	0	0	0	0	0	0	0	0	0	0	0	0	0	0	0	0	0	0	1.295e+04	1.318e+04	0	0	0	0	0	0	0	0	0	0	0	0	0	0	0	0	0	0	0	0	0	0	0	
1904	909	3.45e+19	0	0	100000	1.992	0	0	0	0	0	0	0	0	0	0	0	0	0	0	0	0	0	0	0	0	0	0	0	0	0	0	0	0	1.824e+04	0	7826	0	0	0	0	0	0	0	0	0	0	0	8333	0	0	0	0	0	0	0	0	0	0	0	0	0	0	0	0	0	0	0	0	0	0	0	1.3e+04	1.346e+04	0	0	0	0	0	0	0	0	0	0	0	0	0	0	0	0	0	0	0	0	0	0	0	
1932	909	3.45e+19	0	0	100000	1.99225	0	0	0	0	0	0	0	0	0	0	0	0	0	0	0	0	0	0	0	0	0	0	0	0	0	0	0	0	1.703e+04	0	7941	0	0	0	0	0	0	0	0	0	0	0	1.01e+04	0	0	0	0	0	0	0	0	0	0	0	0	0	0	0	0	0	0	0	0	0	0	0	1.304e+04	1.375e+04	0	0	0	0	0	0	0	0	0	0	0	0	0	0	0	0	0	0	0	0	0	0	0	
1960	909	3.45e+19	0	0	100000	1.9925	0	0	0	0	0	0	0	0	0	0	0	0	0	0	0	0	0	0	0	0	0	0	0	0	0	0	0	0	1.58e+04	0	8056	0	0	0	0	0	0	0	0	0	0	0	1.188e+04	0	0	0	0	0	0	0	0	0	0	0	0	0	0	0	0	0	0	0	0	0	0	0	1.308e+04	1.405e+04	0	0	0	0	0	0	0	0	0	0	0	0	0	0	0	0	0	0	0	0	0	0	0	
1988	909	3.45e+19	0	0	100000	1.99275	0	0	0	0	0	0	0	0	0	0	0	0	0	0	0	0	0	0	0	0	0	0	0	0	0	0	0	0	1.453e+04	0	8171	0	0	0	0	0	0	0	0	0	0	0	1.369e+04	0	0	0	0	0	0	0	0	0	0	0	0	0	0	0	0	0	0	0	0	0	0	0	1.311e+04	1.436e+04	0	0	0	0	0	0	0	0	0	0	0	0	0	0	0	0	0	0	0	0	0	0	0	
2016	909	3.45e+19	0	0	100000	1.993	0	0	0	0	0	0	0	0	0	0	0	0	0	0	0	0	0	0	0	0	0	0	0	0	0	0	0	0	1.321e+04	0	8286	0	0	0	0	0	0	0	0	0	0	0	1.556e+04	0	0	0	0	0	0	0	0	0	0	0	0	0	0	0	0	0	0	0	0	0	0	0	1.314e+04	1.469e+04	0	0	0	0	0	0	0	0	0	0	0	0	0	0	0	0	0	0	0	0	0	0	0	
2044	909	3.45e+19	0	0	100000	1.99325	0	0	0	0	0	0	0	0	0	0	0	0	0	0	0	0	0	0	0	0	0	0	0	0	0	0	0	0	1.179e+04	0	8401	0	0	0	0	0	0	0	0	0	0	0	1.751e+04	0	0	0	0	0	0	0	0	0	0	0	0	0	0	0	0	0	0	0	0	0	0	0	1.315e+04	1.504e+04	0	0	0	0	0	0	0	0	0	0	0	0	0	0	0	0	0	0	0	0	0	0	0	
2072	909	3.45e+19	0	0	100000	1.9935	0	0	0	0	0	0	0	0	0	0	0	0	0	0	0	0	0	0	0	0	0	0	0	0	0	0	0	0	1.019e+04	0	8516	0	0	0	0	0	0	0	0	0	0	0	1.964e+04	0	0	0	0	0	0	0	0	0	0	0	0	0	0	0	0	0	0	0	0	0	0	0	1.315e+04	1.543e+04	0	0	0	0	0	0	0	0	0	0	0	0	0	0	0	0	0	0	0	0	0	0	0	
2100	909	3.45e+19	0	0	100000	1.99375	0	0	0	0	0	0	0	0	0	0	0	0	0	0	0	0	0	0	0	0	0	0	0	0	0	0	0	0	8237	0	8631	0	0	0	0	0	0	0	0	0	0	0	2.209e+04	0	0	0	0	0	0	0	0	0	0	0	0	0	0	0	0	0	0	0	0	0	0	0	1.313e+04	1.587e+04	0	0	0	0	0	0	0	0	0	0	0	0	0	0	0	0	0	0	0	0	0	0	0	
2128	909	3.45e+19	0	0	100000	1.994	0	0	0	0	0	0	0	0	0	0	0	0	0	0	0	0	0	0	0	0	0	0	0	0	0	0	0	0	5130	0	8747	0	0	0	0	0	0	0	0	0	0	0	2.561e+04	0	0	0	0	0	0	0	0	0	0	0	0	0	0	0	0	0	0	0	0	0	0	0	1.308e+04	1.648e+04	0	0	0	0	0	0	0	0	0	0	0	0	0	0	0	0	0	0	0	0	0	0	0	
2156	909	3.45e+19	0	0	100000	1.99425	0	0	0	0	0	0	0	0	0	0	0	0	0	0	0	0	0	0	0	0	0	0	0	0	0	0	0	0	0	0	8862	0	0	0	0	0	0	0	0	0	0	0	3.14e+04	0	0	0	0	0	0	0	0	0	0	0	0	0	0	0	0	0	0	0	0	0	0	0	1.284e+04	1.719e+04	0	0	0	0	0	0	0	0	0	0	0	0	0	0	0	0	0	0	0	0	0	0	0	
2184	909	3.45e+19	0	0	100000	1.9945	0	0	0	0	0	0	0	0	0	0	0	0	0	0	0	0	0	0	0	0	0	0	0	0	0	0	0	0	0	0	8977	0	0	0	0	0	0	0	0	0	0	0	3.222e+04	0	0	0	0	0	0	0	0	0	0	0	0	0	0	0	0	0	0	0	0	0	0	0	1.283e+04	1.723e+04	0	0	0	0	0	0	0	0	0	0	0	0	0	0	0	0	0	0	0	0	0	0	0	
2212	909	3.45e+19	0	0	100000	1.99475	0	0	0	0	0	0	0	0	0	0	0	0	0	0	0	0	0	0	0	0	0	0	0	0	0	0	0	0	0	0	9092	0	0	0	0	0	0	0	0	0	0	0	3.304e+04	0	0	0	0	0	0	0	0	0	0	0	0	0	0	0	0	0	0	0	0	0	0	0	1.283e+04	1.728e+04	0	0	0	0	0	0	0	0	0	0	0	0	0	0	0	0	0	0	0	0	0	0	0	
2240	909	3.45e+19	0	0	100000	1.995	0	0	0	0	0	0	0	0	0	0	0	0	0	0	0	0	0	0	0	0	0	0	0	0	0	0	0	0	0	0	9207	0	0	0	0	0	0	0	0	0	0	0	3.386e+04	0	0	0	0	0	0	0	0	0	0	0	0	0	0	0	0	0	0	0	0	0	0	0	1.282e+04	1.733e+04	0	0	0	0	0	0	0	0	0	0	0	0	0	0	0	0	0	0	0	0	0	0	0	
2268	909	3.45e+19	0	0	100000	1.99525	0	0	0	0	0	0	0	0	0	0	0	0	0	0	0	0	0	0	0	0	0	0	0	0	0	0	0	0	0	0	9322	0	0	0	0	0	0	0	0	0	0	0	3.467e+04	0	0	0	0	0	0	0	0	0	0	0	0	0	0	0	0	0	0	0	0	0	0	0	1.281e+04	1.738e+04	0	0	0	0	0	0	0	0	0	0	0	0	0	0	0	0	0	0	0	0	0	0	0	
2296	909	3.45e+19	0	0	100000	1.9955	0	0	0	0	0	0	0	0	0	0	0	0	0	0	0	0	0	0	0	0	0	0	0	0	0	0	0	0	0	0	9437	0	0	0	0	0	0	0	0	0	0	0	3.548e+04	0	0	0	0	0	0	0	0	0	0	0	0	0	0	0	0	0	0	0	0	0	0	0	1.281e+04	1.743e+04	0	0	0	0	0	0	0	0	0	0	0	0	0	0	0	0	0	0	0	0	0	0	0	
2324	909	3.45e+19	0	0	100000	1.99575	0	0	0	0	0	0	0	0	0	0	0	0	0	0	0	0	0	0	0	0	0	0	0	0	0	0	0	0	0	0	9552	0	0	0	0	0	0	0	0	0	0	0	3.628e+04	0	0	0	0	0	0	0	0	0	0	0	0	0	0	0	0	0	0	0	0	0	0	0	1.281e+04	1.749e+04	0	0	0	0	0	0	0	0	0	0	0	0	0	0	0	0	0	0	0	0	0	0	0	
2352	909	3.45e+19	0	0	100000	1.996	0	0	0	0	0	0	0	0	0	0	0	0	0	0	0	0	0	0	0	0	0	0	0	0	0	0	0	0	0	0	9667	0	0	0	0	0	0	0	0	0	0	0	3.707e+04	0	0	0	0	0	0	0	0	0	0	0	0	0	0	0	0	0	0	0	0	0	0	0	1.281e+04	1.755e+04	0	0	0	0	0	0	0	0	0	0	0	0	0	0	0	0	0	0	0	0	0	0	0	
2380	909	3.45e+19	0	0	100000	1.99625	0	0	0	0	0	0	0	0	0	0	0	0	0	0	0	0	0	0	0	0	0	0	0	0	0	0	0	0	0	0	9782	0	0	0	0	0	0	0	0	0	0	0	3.784e+04	0	0	0	0	0	0	0	0	0	0	0	0	0	0	0	0	0	0	0	0	0	0	0	1.282e+04	1.762e+04	0	0	0	0	0	0	0	0	0	0	0	0	0	0	0	0	0	0	0	0	0	0	0	
2408	909	3.45e+19	0	0	100000	1.9965	0	0	0	0	0	0	0	0	0	0	0	0	0	0	0	0	0	0	0	0	0	0	0	0	0	0	0	0	0	0	9897	0	0	0	0	0	0	0	0	0	0	0	3.857e+04	0	0	0	0	0	0	0	0	0	0	0	0	0	0	0	0	0	0	0	0	0	0	0	1.285e+04	1.771e+04	0	0	0	0	0	0	0	0	0	0	0	0	0	0	0	0	0	0	0	0	0	0	0	
2436	909	3.45e+19	0	0	100000	1.99675	0	0	0	0	0	0	0	0	0	0	0	0	0	0	0	0	0	0	0	0	0	0	0	0	0	0	0	0	0	0	1.001e+04	0	0	0	0	0	0	0	0	0	0	0	3.927e+04	0	0	0	0	0	0	0	0	0	0	0	0	0	0	0	0	0	0	0	0	0	0	0	1.289e+04	1.781e+04	0	0	0	0	0	0	0	0	0	0	0	0	0	0	0	0	0	0	0	0	0	0	0	
2464	909	3.45e+19	0	0	100000	1.997	0	0	0	0	0	0	0	0	0	0	0	0	0	0	0	0	0	0	0	0	0	0	0	0	0	0	0	0	0	0	1.013e+04	0	0	0	0	0	0	0	0	0	0	0	3.992e+04	0	0	0	0	0	0	0	0	0	0	0	0	0	0	0	0	0	0	0	0	0	0	0	1.295e+04	1.793e+04	0	0	0	0	0	0	0	0	0	0	0	0	0	0	0	0	0	0	0	0	0	0	0	
2492	909	3.45e+19	0	0	100000	1.99725	0	0	0	0	0	0	0	0	0	0	0	0	0	0	0	0	0	0	0	0	0	0	0	0	0	0	0	0	0	0	1.024e+04	0	0	0	0	0	0	0	0	0	0	0	4.052e+04	0	0	0	0	0	0	0	0	0	0	0	0	0	0	0	0	0	0	0	0	0	0	0	1.304e+04	1.808e+04	0	0	0	0	0	0	0	0	0	0	0	0	0	0	0	0	0	0	0	0	0	0	0	
2520	909	3.45e+19	0	0	100000	1.9975	0	0	0	0	0	0	0	0	0	0	0	0	0	0	0	0	0	0	0	0	0	0	0	0	0	0	0	0	0	0	1.036e+04	0	0	0	0	0	0	0	0	0	0	0	4.107e+04	0	0	0	0	0	0	0	0	0	0	0	0	0	0	0	0	0	0	0	0	0	0	0	1.314e+04	1.824e+04	0	0	0	0	0	0	0	0	0	0	0	0	0	0	0	0	0	0	0	0	0	0	0	
2548	909	3.45e+19	0	0	100000	1.99775	0	0	0	0	0	0	0	0	0	0	0	0	0	0	0	0	0	0	0	0	0	0	0	0	0	0	0	0	0	0	1.047e+04	0	0	0	0	0	0	0	0	0	0	0	4.157e+04	0	0	0	0	0	0	0	0	0	0	0	0	0	0	0	0	0	0	0	0	0	0	0	1.327e+04	1.842e+04	0	0	0	0	0	0	0	0	0	0	0	0	0	0	0	0	0	0	0	0	0	0	0	
2576	909	3.45e+19	0	0	100000	1.998	0	0	0	0	0	0	0	0	0	0	0	0	0	0	0	0	0	0	0	0	0	0	0	0	0	0	0	0	0	0	1.059e+04	0	0	0	0	0	0	0	0	0	0	0	4.205e+04	0	0	0	0	0	0	0	0	0	0	0	0	0	0	0	0	0	0	0	0	0	0	0	1.34e+04	1.861e+04	0	0	0	0	0	0	0	0	0	0	0	0	0	0	0	0	0	0	0	0	0	0	0	
2604	909	3.45e+19	0	0	100000	1.99825	0	0	0	0	0	0	0	0	0	0	0	0	0	0	0	0	0	0	0	0	0	0	0	0	0	0	0	0	0	0	9347	0	0	0	0	0	0	0	0	0	0	0	4.348e+04	0	0	0	0	0	0	0	0	1033	0	0	0	0	0	0	0	0	0	0	0	0	0	0	1.322e+04	1.854e+04	0	0	0	0	0	0	0	0	0	0	0	0	0	0	0	0	0	0	0	0	0	0	0	
2632	909	3.45e+19	0	0	100000	1.9985	0	0	0	0	0	0	0	0	0	0	0	0	0	0	0	0	0	0	0	0	0	0	0	0	0	0	0	0	0	0	7895	0	0	0	0	0	0	0	0	0	0	0	4.504e+04	0	0	0	0	0	0	0	0	2227	0	0	0	0	0	0	0	0	0	0	0	0	0	0	1.299e+04	1.842e+04	0	0	0	0	0	0	0	0	0	0	0	0	0	0	0	0	0	0	0	0	0	0	0	
2660	909	3.45e+19	0	0	100000	1.99875	0	0	0	0	0	0	0	0	0	0	0	0	0	0	0	0	0	0	0	0	0	0	0	0	0	0	0	0	0	0	6479	0	0	0	0	0	0	0	0	0	0	0	4.658e+04	0	0	0	0	0	0	0	0	3393	0	0	0	0	0	0	0	0	0	0	0	0	0	0	1.277e+04	1.831e+04	0	0	0	0	0	0	0	0	0	0	0	0	0	0	0	0	0	0	0	0	0	0	0	
2688	909	3.45e+19	0	0	100000	1.999	0	0	0	0	0	0	0	0	0	0	0	0	0	0	0	0	0	0	0	0	0	0	0	0	0	0	0	0	0	0	5097	0	0	0	0	0	0	0	0	0	0	0	4.81e+04	0	0	0	0	0	0	0	0	4533	0	0	0	0	0	0	0	0	0	0	0	0	0	0	1.256e+04	1.821e+04	0	0	0	0	0	0	0	0	0	0	0	0	0	0	0	0	0	0	0	0	0	0	0	
2716	909	3.45e+19	0	0	100000	1.99925	0	0	0	0	0	0	0	0	0	0	0	0	0	0	0	0	0	0	0	0	0	0	0	0	0	0	0	0	0	0	3750	0	0	0	0	0	0	0	0	0	0	0	4.958e+04	0	0	0	0	0	0	0	0	5646	0	0	0	0	0	0	0	0	0	0	0	0	0	0	1.236e+04	1.812e+04	0	0	0	0	0	0	0	0	0	0	0	0	0	0	0	0	0	0	0	0	0	0	0	
2744	909	3.45e+19	0	0	100000	1.9995	0	0	0	0	0	0	0	0	0	0	0	0	0	0	0	0	0	0	0	0	0	0	0	0	0	0	0	0	0	0	2436	0	0	0	0	0	0	0	0	0	0	0	5.105e+04	0	0	0	0	0	0	0	0	6735	0	0	0	0	0	0	0	0	0	0	0	0	0	0	1.217e+04	1.803e+04	0	0	0	0	0	0	0	0	0	0	0	0	0	0	0	0	0	0	0	0	0	0	0	
2772	909	3.45e+19	0	0	100000	1.99975	0	0	0	0	0	0	0	0	0	0	0	0	0	0	0	0	0	0	0	0	0	0	0	0	0	0	0	0	0	0	1153	0	0	0	0	0	0	0	0	0	0	0	5.249e+04	0	0	0	0	0	0	0	0	7800	0	0	0	0	0	0	0	0	0	0	0	0	0	0	1.199e+04	1.794e+04	0	0	0	0	0	0	0	0	0	0	0	0	0	0	0	0	0	0	0	0	0	0	0	
2800	909	3.45e+19	0	0	100000	2	0	0	0	0	0	0	0	0	0	0	0	0	0	0	0	0	0	0	0	0	0	0	0	0	0	0	0	0	0	0	0	0	0	0	0	0	0	0	0	0	0	0	5.384e+04	0	0	0	0	0	0	0	0	8766	0	0	0	0	0	0	0	0	0	0	0	0	0	0	1.183e+04	1.789e+04	0	0	0	0	0	0	0	0	0	0	0	0	0	0	0	0	0	0	0	0	0	0	0	
3024	909	3.45e+19	0	0	100000	2	0	0	0	0	0	0	0	0	0	0	0	0	0	0	0	0	0	0	0	0	0	0	0	0	0	0	0	0	0	0	0	0	0	0	0	0	0	0	0	0	0	0	5.815e+04	0	0	0	0	0	0	0	0	9467	0	0	0	0	0	0	0	0	0	0	0	0	0	0	1.278e+04	1.932e+04	0	0	0	0	0	0	0	0	0	0	0	0	0	0	0	0	0	0	0	0	0	0	0	
3248	909	3.45e+19	0	0	100000	2	0	0	0	0	0	0	0	0	0	0	0	0	0	0	0	0	0	0	0	0	0	0	0	0	0	0	0	0	0	0	0	0	0	0	0	0	0	0	0	0	0	0	6.246e+04	0	0	0	0	0	0	0	0	1.017e+04	0	0	0	0	0	0	0	0	0	0	0	0	0	0	1.373e+04	2.075e+04	0	0	0	0	0	0	0	0	0	0	0	0	0	0	0	0	0	0	0	0	0	0	0	
3472	909	3.45e+19	0	0	100000	2	0	0	0	0	0	0	0	0	0	0	0	0	0	0	0	0	0	0	0	0	0	0	0	0	0	0	0	0	0	0	0	0	0	0	0	0	0	0	0	0	0	0	6.677e+04	0	0	0	0	0	0	0	0	1.087e+04	0	0	0	0	0	0	0	0	0	0	0	0	0	0	1.467e+04	2.218e+04	0	0	0	0	0	0	0	0	0	0	0	0	0	0	0	0	0	0	0	0	0	0	0	
3696	909	3.45e+19	0	0	100000	2	0	0	0	0	0	0	0	0	0	0	0	0	0	0	0	0	0	0	0	0	0	0	0	0	0	0	0	0	0	0	0	0	0	0	0	0	0	0	0	0	0	0	7.107e+04	0	0	0	0	0	0	0	0	1.157e+04	0	0	0	0	0	0	0	0	0	0	0	0	0	0	1.562e+04	2.361e+04	0	0	0	0	0	0	0	0	0	0	0	0	0	0	0	0	0	0	0	0	0	0	0	
3920	909	3.45e+19	0	0	100000	2	0	0	0	0	0	0	0	0	0	0	0	0	0	0	0	0	0	0	0	0	0	0	0	0	0	0	0	0	0	0	0	0	0	0	0	0	0	0	0	0	0	0	7.538e+04	0	0	0	0	0	0	0	0	1.227e+04	0	0	0	0	0	0	0	0	0	0	0	0	0	0	1.657e+04	2.504e+04	0	0	0	0	0	0	0	0	0	0	0	0	0	0	0	0	0	0	0	0	0	0	0	
4144	909	3.45e+19	0	0	100000	2	0	0	0	0	0	0	0	0	0	0	0	0	0	0	0	0	0	0	0	0	0	0	0	0	0	0	0	0	0	0	0	0	0	0	0	0	0	0	0	0	0	0	7.969e+04	0	0	0	0	0	0	0	0	1.297e+04	0	0	0	0	0	0	0	0	0	0	0	0	0	0	1.751e+04	2.647e+04	0	0	0	0	0	0	0	0	0	0	0	0	0	0	0	0	0	0	0	0	0	0	0	
4368	909	3.45e+19	0	0	100000	2	0	0	0	0	0	0	0	0	0	0	0	0	0	0	0	0	0	0	0	0	0	0	0	0	0	0	0	0	0	0	0	0	0	0	0	0	0	0	0	0	0	0	8.4e+04	0	0	0	0	0	0	0	0	1.367e+04	0	0	0	0	0	0	0	0	0	0	0	0	0	0	1.846e+04	2.79e+04	0	0	0	0	0	0	0	0	0	0	0	0	0	0	0	0	0	0	0	0	0	0	0	
4592	909	3.45e+19	0	0	100000	2	0	0	0	0	0	0	0	0	0	0	0	0	0	0	0	0	0	0	0	0	0	0	0	0	0	0	0	0	0	0	0	0	0	0	0	0	0	0	0	0	0	0	8.83e+04	0	0	0	0	0	0	0	0	1.438e+04	0	0	0	0	0	0	0	0	0	0	0	0	0	0	1.941e+04	2.933e+04	0	0	0	0	0	0	0	0	0	0	0	0	0	0	0	0	0	0	0	0	0	0	0	
4816	909	3.45e+19	0	0	100000	2	0	0	0	0	0	0	0	0	0	0	0	0	0	0	0	0	0	0	0	0	0	0	0	0	0	0	0	0	0	0	0	0	0	0	0	0	0	0	0	0	0	0	9.261e+04	0	0	0	0	0	0	0	0	1.508e+04	0	0	0	0	0	0	0	0	0	0	0	0	0	0	2.035e+04	3.077e+04	0	0	0	0	0	0	0	0	0	0	0	0	0	0	0	0	0	0	0	0	0	0	0	
5040	909	3.45e+19	0	0	100000	2	0	0	0	0	0	0	0	0	0	0	0	0	0	0	0	0	0	0	0	0	0	0	0	0	0	0	0	0	0	0	0	0	0	0	0	0	0	0	0	0	0	0	9.692e+04	0	0	0	0	0	0	0	0	1.578e+04	0	0	0	0	0	0	0	0	0	0	0	0	0	0	2.13e+04	3.22e+04	0	0	0	0	0	0	0	0	0	0	0	0	0	0	0	0	0	0	0	0	0	0	0	
5264	909	3.45e+19	0	0	100000	2	0	0	0	0	0	0	0	0	0	0	0	0	0	0	0	0	0	0	0	0	0	0	0	0	0	0	0	0	0	0	0	0	0	0	0	0	0	0	0	0	0	0	1.012e+05	0	0	0	0	0	0	0	0	1.648e+04	0	0	0	0	0	0	0	0	0	0	0	0	0	0	2.225e+04	3.363e+04	0	0	0	0	0	0	0	0	0	0	0	0	0	0	0	0	0	0	0	0	0	0	0	
5488	909	3.45e+19	0	0	100000	2	0	0	0	0	0	0	0	0	0	0	0	0	0	0	0	0	0	0	0	0	0	0	0	0	0	0	0	0	0	0	0	0	0	0	0	0	0	0	0	0	0	0	1.055e+05	0	0	0	0	0	0	0	0	1.718e+04	0	0	0	0	0	0	0	0	0	0	0	0	0	0	2.319e+04	3.506e+04	0	0	0	0	0	0	0	0	0	0	0	0	0	0	0	0	0	0	0	0	0	0	0	
5712	909	3.45e+19	0	0	100000	2	0	0	0	0	0	0	0	0	0	0	0	0	0	0	0	0	0	0	0	0	0	0	0	0	0	0	0	0	0	0	0	0	0	0	0	0	0	0	0	0	0	0	1.098e+05	0	0	0	0	0	0	0	0	1.788e+04	0	0	0	0	0	0	0	0	0	0	0	0	0	0	2.414e+04	3.649e+04	0	0	0	0	0	0	0	0	0	0	0	0	0	0	0	0	0	0	0	0	0	0	0	
5936	909	3.45e+19	0	0	100000	2	0	0	0	0	0	0	0	0	0	0	0	0	0	0	0	0	0	0	0	0	0	0	0	0	0	0	0	0	0	0	0	0	0	0	0	0	0	0	0	0	0	0	1.141e+05	0	0	0	0	0	0	0	0	1.858e+04	0	0	0	0	0	0	0	0	0	0	0	0	0	0	2.509e+04	3.792e+04	0	0	0	0	0	0	0	0	0	0	0	0	0	0	0	0	0	0	0	0	0	0	0	
6160	909	3.45e+19	0	0	100000	2	0	0	0	0	0	0	0	0	0	0	0	0	0	0	0	0	0	0	0	0	0	0	0	0	0	0	0	0	0	0	0	0	0	0	0	0	0	0	0	0	0	0	1.185e+05	0	0	0	0	0	0	0	0	1.928e+04	0	0	0	0	0	0	0	0	0	0	0	0	0	0	2.603e+04	3.935e+04	0	0	0	0	0	0	0	0	0	0	0	0	0	0	0	0	0	0	0	0	0	0	0	
6384	909	3.45e+19	0	0	100000	2	0	0	0	0	0	0	0	0	0	0	0	0	0	0	0	0	0	0	0	0	0	0	0	0	0	0	0	0	0	0	0	0	0	0	0	0	0	0	0	0	0	0	1.228e+05	0	0	0	0	0	0	0	0	1.999e+04	0	0	0	0	0	0	0	0	0	0	0	0	0	0	2.698e+04	4.078e+04	0	0	0	0	0	0	0	0	0	0	0	0	0	0	0	0	0	0	0	0	0	0	0	
6608	909	3.45e+19	0	0	100000	2	0	0	0	0	0	0	0	0	0	0	0	0	0	0	0	0	0	0	0	0	0	0	0	0	0	0	0	0	0	0	0	0	0	0	0	0	0	0	0	0	0	0	1.271e+05	0	0	0	0	0	0	0	0	2.069e+04	0	0	0	0	0	0	0	0	0	0	0	0	0	0	2.793e+04	4.221e+04	0	0	0	0	0	0	0	0	0	0	0	0	0	0	0	0	0	0	0	0	0	0	0	
6832	909	3.45e+19	0	0	100000	2	0	0	0	0	0	0	0	0	0	0	0	0	0	0	0	0	0	0	0	0	0	0	0	0	0	0	0	0	0	0	0	0	0	0	0	0	0	0	0	0	0	0	1.314e+05	0	0	0	0	0	0	0	0	2.139e+04	0	0	0	0	0	0	0	0	0	0	0	0	0	0	2.887e+04	4.364e+04	0	0	0	0	0	0	0	0	0	0	0	0	0	0	0	0	0	0	0	0	0	0	0	
7056	909	3.45e+19	0	0	100000	2	0	0	0	0	0	0	0	0	0	0	0	0	0	0	0	0	0	0	0	0	0	0	0	0	0	0	0	0	0	0	0	0	0	0	0	0	0	0	0	0	0	0	1.357e+05	0	0	0	0	0	0	0	0	2.209e+04	0	0	0	0	0	0	0	0	0	0	0	0	0	0	2.982e+04	4.508e+04	0	0	0	0	0	0	0	0	0	0	0	0	0	0	0	0	0	0	0	0	0	0	0	
7280	909	3.45e+19	0	0	100000	2	0	0	0	0	0	0	0	0	0	0	0	0	0	0	0	0	0	0	0	0	0	0	0	0	0	0	0	0	0	0	0	0	0	0	0	0	0	0	0	0	0	0	1.4e+05	0	0	0	0	0	0	0	0	2.279e+04	0	0	0	0	0	0	0	0	0	0	0	0	0	0	3.077e+04	4.651e+04	0	0	0	0	0	0	0	0	0	0	0	0	0	0	0	0	0	0	0	0	0	0	0	
7504	909	3.45e+19	0	0	100000	2	0	0	0	0	0	0	0	0	0	0	0	0	0	0	0	0	0	0	0	0	0	0	0	0	0	0	0	0	0	0	0	0	0	0	0	0	0	0	0	0	0	0	1.443e+05	0	0	0	0	0	0	0	0	2.349e+04	0	0	0	0	0	0	0	0	0	0	0	0	0	0	3.171e+04	4.794e+04	0	0	0	0	0	0	0	0	0	0	0	0	0	0	0	0	0	0	0	0	0	0	0	
7728	909	3.45e+19	0	0	100000	2	0	0	0	0	0	0	0	0	0	0	0	0	0	0	0	0	0	0	0	0	0	0	0	0	0	0	0	0	0	0	0	0	0	0	0	0	0	0	0	0	0	0	1.486e+05	0	0	0	0	0	0	0	0	2.419e+04	0	0	0	0	0	0	0	0	0	0	0	0	0	0	3.266e+04	4.937e+04	0	0	0	0	0	0	0	0	0	0	0	0	0	0	0	0	0	0	0	0	0	0	0	
7952	909	3.45e+19	0	0	100000	2	0	0	0	0	0	0	0	0	0	0	0	0	0	0	0	0	0	0	0	0	0	0	0	0	0	0	0	0	0	0	0	0	0	0	0	0	0	0	0	0	0	0	1.529e+05	0	0	0	0	0	0	0	0	2.489e+04	0	0	0	0	0	0	0	0	0	0	0	0	0	0	3.361e+04	5.08e+04	0	0	0	0	0	0	0	0	0	0	0	0	0	0	0	0	0	0	0	0	0	0	0	
8176	909	3.45e+19	0	0	100000	2	0	0	0	0	0	0	0	0	0	0	0	0	0	0	0	0	0	0	0	0	0	0	0	0	0	0	0	0	0	0	0	0	0	0	0	0	0	0	0	0	0	0	1.572e+05	0	0	0	0	0	0	0	0	2.56e+04	0	0	0	0	0	0	0	0	0	0	0	0	0	0	3.455e+04	5.223e+04	0	0	0	0	0	0	0	0	0	0	0	0	0	0	0	0	0	0	0	0	0	0	0	
8400	909	3.45e+19	0	0	100000	2	0	0	0	0	0	0	0	0	0	0	0	0	0	0	0	0	0	0	0	0	0	0	0	0	0	0	0	0	0	0	0	0	0	0	0	0	0	0	0	0	0	0	1.615e+05	0	0	0	0	0	0	0	0	2.63e+04	0	0	0	0	0	0	0	0	0	0	0	0	0	0	3.55e+04	5.366e+04	0	0	0	0	0	0	0	0	0	0	0	0	0	0	0	0	0	0	0	0	0	0	0	
8624	909	3.45e+19	0	0	100000	2	0	0	0	0	0	0	0	0	0	0	0	0	0	0	0	0	0	0	0	0	0	0	0	0	0	0	0	0	0	0	0	0	0	0	0	0	0	0	0	0	0	0	1.658e+05	0	0	0	0	0	0	0	0	2.7e+04	0	0	0	0	0	0	0	0	0	0	0	0	0	0	3.645e+04	5.509e+04	0	0	0	0	0	0	0	0	0	0	0	0	0	0	0	0	0	0	0	0	0	0	0	
8848	909	3.45e+19	0	0	100000	2	0	0	0	0	0	0	0	0	0	0	0	0	0	0	0	0	0	0	0	0	0	0	0	0	0	0	0	0	0	0	0	0	0	0	0	0	0	0	0	0	0	0	1.701e+05	0	0	0	0	0	0	0	0	2.77e+04	0	0	0	0	0	0	0	0	0	0	0	0	0	0	3.739e+04	5.652e+04	0	0	0	0	0	0	0	0	0	0	0	0	0	0	0	0	0	0	0	0	0	0	0	
9072	909	3.45e+19	0	0	100000	2	0	0	0	0	0	0	0	0	0	0	0	0	0	0	0	0	0	0	0	0	0	0	0	0	0	0	0	0	0	0	0	0	0	0	0	0	0	0	0	0	0	0	1.745e+05	0	0	0	0	0	0	0	0	2.84e+04	0	0	0	0	0	0	0	0	0	0	0	0	0	0	3.834e+04	5.795e+04	0	0	0	0	0	0	0	0	0	0	0	0	0	0	0	0	0	0	0	0	0	0	0	
9296	909	3.45e+19	0	0	100000	2	0	0	0	0	0	0	0	0	0	0	0	0	0	0	0	0	0	0	0	0	0	0	0	0	0	0	0	0	0	0	0	0	0	0	0	0	0	0	0	0	0	0	1.788e+05	0	0	0	0	0	0	0	0	2.91e+04	0	0	0	0	0	0	0	0	0	0	0	0	0	0	3.928e+04	5.939e+04	0	0	0	0	0	0	0	0	0	0	0	0	0	0	0	0	0	0	0	0	0	0	0	
9520	909	3.45e+19	0	0	100000	2	0	0	0	0	0	0	0	0	0	0	0	0	0	0	0	0	0	0	0	0	0	0	0	0	0	0	0	0	0	0	0	0	0	0	0	0	0	0	0	0	0	0	1.831e+05	0	0	0	0	0	0	0	0	2.98e+04	0	0	0	0	0	0	0	0	0	0	0	0	0	0	4.023e+04	6.082e+04	0	0	0	0	0	0	0	0	0	0	0	0	0	0	0	0	0	0	0	0	0	0	0	
9744	909	3.45e+19	0	0	100000	2	0	0	0	0	0	0	0	0	0	0	0	0	0	0	0	0	0	0	0	0	0	0	0	0	0	0	0	0	0	0	0	0	0	0	0	0	0	0	0	0	0	0	1.874e+05	0	0	0	0	0	0	0	0	3.05e+04	0	0	0	0	0	0	0	0	0	0	0	0	0	0	4.118e+04	6.225e+04	0	0	0	0	0	0	0	0	0	0	0	0	0	0	0	0	0	0	0	0	0	0	0	
9968	909	3.45e+19	0	0	100000	2	0	0	0	0	0	0	0	0	0	0	0	0	0	0	0	0	0	0	0	0	0	0	0	0	0	0	0	0	0	0	0	0	0	0	0	0	0	0	0	0	0	0	1.917e+05	0	0	0	0	0	0	0	0	3.121e+04	0	0	0	0	0	0	0	0	0	0	0	0	0	0	4.212e+04	6.368e+04	0	0	0	0	0	0	0	0	0	0	0	0	0	0	0	0	0	0	0	0	0	0	0	
10192	909	3.45e+19	0	0	100000	2	0	0	0	0	0	0	0	0	0	0	0	0	0	0	0	0	0	0	0	0	0	0	0	0	0	0	0	0	0	0	0	0	0	0	0	0	0	0	0	0	0	0	1.96e+05	0	0	0	0	0	0	0	0	3.191e+04	0	0	0	0	0	0	0	0	0	0	0	0	0	0	4.307e+04	6.511e+04	0	0	0	0	0	0	0	0	0	0	0	0	0	0	0	0	0	0	0	0	0	0	0	
10416	909	3.45e+19	0	0	100000	2	0	0	0	0	0	0	0	0	0	0	0	0	0	0	0	0	0	0	0	0	0	0	0	0	0	0	0	0	0	0	0	0	0	0	0	0	0	0	0	0	0	0	2.003e+05	0	0	0	0	0	0	0	0	3.261e+04	0	0	0	0	0	0	0	0	0	0	0	0	0	0	4.402e+04	6.654e+04	0	0	0	0	0	0	0	0	0	0	0	0	0	0	0	0	0	0	0	0	0	0	0	
10640	909	3.45e+19	0	0	100000	2	0	0	0	0	0	0	0	0	0	0	0	0	0	0	0	0	0	0	0	0	0	0	0	0	0	0	0	0	0	0	0	0	0	0	0	0	0	0	0	0	0	0	2.046e+05	0	0	0	0	0	0	0	0	3.331e+04	0	0	0	0	0	0	0	0	0	0	0	0	0	0	4.496e+04	6.797e+04	0	0	0	0	0	0	0	0	0	0	0	0	0	0	0	0	0	0	0	0	0	0	0	
10864	909	3.45e+19	0	0	100000	2	0	0	0	0	0	0	0	0	0	0	0	0	0	0	0	0	0	0	0	0	0	0	0	0	0	0	0	0	0	0	0	0	0	0	0	0	0	0	0	0	0	0	2.089e+05	0	0	0	0	0	0	0	0	3.401e+04	0	0	0	0	0	0	0	0	0	0	0	0	0	0	4.591e+04	6.94e+04	0	0	0	0	0	0	0	0	0	0	0	0	0	0	0	0	0	0	0	0	0	0	0	
11088	909	3.45e+19	0	0	100000	2	0	0	0	0	0	0	0	0	0	0	0	0	0	0	0	0	0	0	0	0	0	0	0	0	0	0	0	0	0	0	0	0	0	0	0	0	0	0	0	0	0	0	2.132e+05	0	0	0	0	0	0	0	0	3.471e+04	0	0	0	0	0	0	0	0	0	0	0	0	0	0	4.686e+04	7.083e+04	0	0	0	0	0	0	0	0	0	0	0	0	0	0	0	0	0	0	0	0	0	0	0	
11312	909	3.45e+19	0	0	100000	2	0	0	0	0	0	0	0	0	0	0	0	0	0	0	0	0	0	0	0	0	0	0	0	0	0	0	0	0	0	0	0	0	0	0	0	0	0	0	0	0	0	0	2.175e+05	0	0	0	0	0	0	0	0	3.541e+04	0	0	0	0	0	0	0	0	0	0	0	0	0	0	4.78e+04	7.226e+04	0	0	0	0	0	0	0	0	0	0	0	0	0	0	0	0	0	0	0	0	0	0	0	
11536	909	3.45e+19	0	0	100000	2	0	0	0	0	0	0	0	0	0	0	0	0	0	0	0	0	0	0	0	0	0	0	0	0	0	0	0	0	0	0	0	0	0	0	0	0	0	0	0	0	0	0	2.218e+05	0	0	0	0	0	0	0	0	3.611e+04	0	0	0	0	0	0	0	0	0	0	0	0	0	0	4.875e+04	7.369e+04	0	0	0	0	0	0	0	0	0	0	0	0	0	0	0	0	0	0	0	0	0	0	0	
11760	909	3.45e+19	0	0	100000	2	0	0	0	0	0	0	0	0	0	0	0	0	0	0	0	0	0	0	0	0	0	0	0	0	0	0	0	0	0	0	0	0	0	0	0	0	0	0	0	0	0	0	2.261e+05	0	0	0	0	0	0	0	0	3.682e+04	0	0	0	0	0	0	0	0	0	0	0	0	0	0	4.97e+04	7.513e+04	0	0	0	0	0	0	0	0	0	0	0	0	0	0	0	0	0	0	0	0	0	0	0	
11984	909	3.45e+19	0	0	100000	2	0	0	0	0	0	0	0	0	0	0	0	0	0	0	0	0	0	0	0	0	0	0	0	0	0	0	0	0	0	0	0	0	0	0	0	0	0	0	0	0	0	0	2.305e+05	0	0	0	0	0	0	0	0	3.752e+04	0	0	0	0	0	0	0	0	0	0	0	0	0	0	5.064e+04	7.656e+04	0	0	0	0	0	0	0	0	0	0	0	0	0	0	0	0	0	0	0	0	0	0	0	
12208	909	3.45e+19	0	0	100000	2	0	0	0	0	0	0	0	0	0	0	0	0	0	0	0	0	0	0	0	0	0	0	0	0	0	0	0	0	0	0	0	0	0	0	0	0	0	0	0	0	0	0	2.348e+05	0	0	0	0	0	0	0	0	3.822e+04	0	0	0	0	0	0	0	0	0	0	0	0	0	0	5.159e+04	7.799e+04	0	0	0	0	0	0	0	0	0	0	0	0	0	0	0	0	0	0	0	0	0	0	0	
12432	909	3.45e+19	0	0	100000	2	0	0	0	0	0	0	0	0	0	0	0	0	0	0	0	0	0	0	0	0	0	0	0	0	0	0	0	0	0	0	0	0	0	0	0	0	0	0	0	0	0	0	2.391e+05	0	0	0	0	0	0	0	0	3.892e+04	0	0	0	0	0	0	0	0	0	0	0	0	0	0	5.254e+04	7.942e+04	0	0	0	0	0	0	0	0	0	0	0	0	0	0	0	0	0	0	0	0	0	0	0	
12656	909	3.45e+19	0	0	100000	2	0	0	0	0	0	0	0	0	0	0	0	0	0	0	0	0	0	0	0	0	0	0	0	0	0	0	0	0	0	0	0	0	0	0	0	0	0	0	0	0	0	0	2.434e+05	0	0	0	0	0	0	0	0	3.962e+04	0	0	0	0	0	0	0	0	0	0	0	0	0	0	5.348e+04	8.085e+04	0	0	0	0	0	0	0	0	0	0	0	0	0	0	0	0	0	0	0	0	0	0	0	
12880	909	3.45e+19	0	0	100000	2	0	0	0	0	0	0	0	0	0	0	0	0	0	0	0	0	0	0	0	0	0	0	0	0	0	0	0	0	0	0	0	0	0	0	0	0	0	0	0	0	0	0	2.477e+05	0	0	0	0	0	0	0	0	4.032e+04	0	0	0	0	0	0	0	0	0	0	0	0	0	0	5.443e+04	8.228e+04	0	0	0	0	0	0	0	0	0	0	0	0	0	0	0	0	0	0	0	0	0	0	0	
13104	909	3.45e+19	0	0	100000	2	0	0	0	0	0	0	0	0	0	0	0	0	0	0	0	0	0	0	0	0	0	0	0	0	0	0	0	0	0	0	0	0	0	0	0	0	0	0	0	0	0	0	2.52e+05	0	0	0	0	0	0	0	0	4.102e+04	0	0	0	0	0	0	0	0	0	0	0	0	0	0	5.538e+04	8.371e+04	0	0	0	0	0	0	0	0	0	0	0	0	0	0	0	0	0	0	0	0	0	0	0	
13328	909	3.45e+19	0	0	100000	2	0	0	0	0	0	0	0	0	0	0	0	0	0	0	0	0	0	0	0	0	0	0	0	0	0	0	0	0	0	0	0	0	0	0	0	0	0	0	0	0	0	0	2.563e+05	0	0	0	0	0	0	0	0	4.172e+04	0	0	0	0	0	0	0	0	0	0	0	0	0	0	5.632e+04	8.514e+04	0	0	0	0	0	0	0	0	0	0	0	0	0	0	0	0	0	0	0	0	0	0	0	
13552	909	3.45e+19	0	0	100000	2	0	0	0	0	0	0	0	0	0	0	0	0	0	0	0	0	0	0	0	0	0	0	0	0	0	0	0	0	0	0	0	0	0	0	0	0	0	0	0	0	0	0	2.606e+05	0	0	0	0	0	0	0	0	4.243e+04	0	0	0	0	0	0	0	0	0	0	0	0	0	0	5.727e+04	8.657e+04	0	0	0	0	0	0	0	0	0	0	0	0	0	0	0	0	0	0	0	0	0	0	0	
13776	909	3.45e+19	0	0	100000	2	0	0	0	0	0	0	0	0	0	0	0	0	0	0	0	0	0	0	0	0	0	0	0	0	0	0	0	0	0	0	0	0	0	0	0	0	0	0	0	0	0	0	2.649e+05	0	0	0	0	0	0	0	0	4.313e+04	0	0	0	0	0	0	0	0	0	0	0	0	0	0	5.822e+04	8.8e+04	0	0	0	0	0	0	0	0	0	0	0	0	0	0	0	0	0	0	0	0	0	0	0	
14000	909	3.45e+19	0	0	100000	2	0	0	0	0	0	0	0	0	0	0	0	0	0	0	0	0	0	0	0	0	0	0	0	0	0	0	0	0	0	0	0	0	0	0	0	0	0	0	0	0	0	0	2.692e+05	0	0	0	0	0	0	0	0	4.383e+04	0	0	0	0	0	0	0	0	0	0	0	0	0	0	5.916e+04	8.944e+04	0	0	0	0	0	0	0	0	0	0	0	0	0	0	0	0	0	0	0	0	0	0	0	
14224	909	3.45e+19	0	0	100000	2	0	0	0	0	0	0	0	0	0	0	0	0	0	0	0	0	0	0	0	0	0	0	0	0	0	0	0	0	0	0	0	0	0	0	0	0	0	0	0	0	0	0	2.735e+05	0	0	0	0	0	0	0	0	4.453e+04	0	0	0	0	0	0	0	0	0	0	0	0	0	0	6.011e+04	9.087e+04	0	0	0	0	0	0	0	0	0	0	0	0	0	0	0	0	0	0	0	0	0	0	0	
14448	909	3.45e+19	0	0	100000	2	0	0	0	0	0	0	0	0	0	0	0	0	0	0	0	0	0	0	0	0	0	0	0	0	0	0	0	0	0	0	0	0	0	0	0	0	0	0	0	0	0	0	2.778e+05	0	0	0	0	0	0	0	0	4.523e+04	0	0	0	0	0	0	0	0	0	0	0	0	0	0	6.106e+04	9.23e+04	0	0	0	0	0	0	0	0	0	0	0	0	0	0	0	0	0	0	0	0	0	0	0	
14672	909	3.45e+19	0	0	100000	2	0	0	0	0	0	0	0	0	0	0	0	0	0	0	0	0	0	0	0	0	0	0	0	0	0	0	0	0	0	0	0	0	0	0	0	0	0	0	0	0	0	0	2.821e+05	0	0	0	0	0	0	0	0	4.593e+04	0	0	0	0	0	0	0	0	0	0	0	0	0	0	6.2e+04	9.373e+04	0	0	0	0	0	0	0	0	0	0	0	0	0	0	0	0	0	0	0	0	0	0	0	
14896	909	3.45e+19	0	0	100000	2	0	0	0	0	0	0	0	0	0	0	0	0	0	0	0	0	0	0	0	0	0	0	0	0	0	0	0	0	0	0	0	0	0	0	0	0	0	0	0	0	0	0	2.864e+05	0	0	0	0	0	0	0	0	4.663e+04	0	0	0	0	0	0	0	0	0	0	0	0	0	0	6.295e+04	9.516e+04	0	0	0	0	0	0	0	0	0	0	0	0	0	0	0	0	0	0	0	0	0	0	0	
15120	909	3.45e+19	0	0	100000	2	0	0	0	0	0	0	0	0	0	0	0	0	0	0	0	0	0	0	0	0	0	0	0	0	0	0	0	0	0	0	0	0	0	0	0	0	0	0	0	0	0	0	2.908e+05	0	0	0	0	0	0	0	0	4.733e+04	0	0	0	0	0	0	0	0	0	0	0	0	0	0	6.39e+04	9.659e+04	0	0	0	0	0	0	0	0	0	0	0	0	0	0	0	0	0	0	0	0	0	0	0	
15344	909	3.45e+19	0	0	100000	2	0	0	0	0	0	0	0	0	0	0	0	0	0	0	0	0	0	0	0	0	0	0	0	0	0	0	0	0	0	0	0	0	0	0	0	0	0	0	0	0	0	0	2.951e+05	0	0	0	0	0	0	0	0	4.804e+04	0	0	0	0	0	0	0	0	0	0	0	0	0	0	6.484e+04	9.802e+04	0	0	0	0	0	0	0	0	0	0	0	0	0	0	0	0	0	0	0	0	0	0	0	
15568	909	3.45e+19	0	0	100000	2	0	0	0	0	0	0	0	0	0	0	0	0	0	0	0	0	0	0	0	0	0	0	0	0	0	0	0	0	0	0	0	0	0	0	0	0	0	0	0	0	0	0	2.994e+05	0	0	0	0	0	0	0	0	4.874e+04	0	0	0	0	0	0	0	0	0	0	0	0	0	0	6.579e+04	9.945e+04	0	0	0	0	0	0	0	0	0	0	0	0	0	0	0	0	0	0	0	0	0	0	0	
15792	909	3.45e+19	0	0	100000	2	0	0	0	0	0	0	0	0	0	0	0	0	0	0	0	0	0	0	0	0	0	0	0	0	0	0	0	0	0	0	0	0	0	0	0	0	0	0	0	0	0	0	3.037e+05	0	0	0	0	0	0	0	0	4.944e+04	0	0	0	0	0	0	0	0	0	0	0	0	0	0	6.674e+04	1.009e+05	0	0	0	0	0	0	0	0	0	0	0	0	0	0	0	0	0	0	0	0	0	0	0	
16016	909	3.45e+19	0	0	100000	2	0	0	0	0	0	0	0	0	0	0	0	0	0	0	0	0	0	0	0	0	0	0	0	0	0	0	0	0	0	0	0	0	0	0	0	0	0	0	0	0	0	0	3.08e+05	0	0	0	0	0	0	0	0	5.014e+04	0	0	0	0	0	0	0	0	0	0	0	0	0	0	6.768e+04	1.023e+05	0	0	0	0	0	0	0	0	0	0	0	0	0	0	0	0	0	0	0	0	0	0	0	
16240	909	3.45e+19	0	0	100000	2	0	0	0	0	0	0	0	0	0	0	0	0	0	0	0	0	0	0	0	0	0	0	0	0	0	0	0	0	0	0	0	0	0	0	0	0	0	0	0	0	0	0	3.123e+05	0	0	0	0	0	0	0	0	5.084e+04	0	0	0	0	0	0	0	0	0	0	0	0	0	0	6.863e+04	1.037e+05	0	0	0	0	0	0	0	0	0	0	0	0	0	0	0	0	0	0	0	0	0	0	0	
16464	909	3.45e+19	0	0	100000	2	0	0	0	0	0	0	0	0	0	0	0	0	0	0	0	0	0	0	0	0	0	0	0	0	0	0	0	0	0	0	0	0	0	0	0	0	0	0	0	0	0	0	3.166e+05	0	0	0	0	0	0	0	0	5.154e+04	0	0	0	0	0	0	0	0	0	0	0	0	0	0	6.958e+04	1.052e+05	0	0	0	0	0	0	0	0	0	0	0	0	0	0	0	0	0	0	0	0	0	0	0	
16688	909	3.45e+19	0	0	100000	2	0	0	0	0	0	0	0	0	0	0	0	0	0	0	0	0	0	0	0	0	0	0	0	0	0	0	0	0	0	0	0	0	0	0	0	0	0	0	0	0	0	0	3.209e+05	0	0	0	0	0	0	0	0	5.224e+04	0	0	0	0	0	0	0	0	0	0	0	0	0	0	7.052e+04	1.066e+05	0	0	0	0	0	0	0	0	0	0	0	0	0	0	0	0	0	0	0	0	0	0	0	
16912	909	3.45e+19	0	0	100000	2	0	0	0	0	0	0	0	0	0	0	0	0	0	0	0	0	0	0	0	0	0	0	0	0	0	0	0	0	0	0	0	0	0	0	0	0	0	0	0	0	0	0	3.252e+05	0	0	0	0	0	0	0	0	5.295e+04	0	0	0	0	0	0	0	0	0	0	0	0	0	0	7.147e+04	1.08e+05	0	0	0	0	0	0	0	0	0	0	0	0	0	0	0	0	0	0	0	0	0	0	0	
17136	909	3.45e+19	0	0	100000	2	0	0	0	0	0	0	0	0	0	0	0	0	0	0	0	0	0	0	0	0	0	0	0	0	0	0	0	0	0	0	0	0	0	0	0	0	0	0	0	0	0	0	3.295e+05	0	0	0	0	0	0	0	0	5.365e+04	0	0	0	0	0	0	0	0	0	0	0	0	0	0	7.242e+04	1.095e+05	0	0	0	0	0	0	0	0	0	0	0	0	0	0	0	0	0	0	0	0	0	0	0	
17360	909	3.45e+19	0	0	100000	2	0	0	0	0	0	0	0	0	0	0	0	0	0	0	0	0	0	0	0	0	0	0	0	0	0	0	0	0	0	0	0	0	0	0	0	0	0	0	0	0	0	0	3.338e+05	0	0	0	0	0	0	0	0	5.435e+04	0	0	0	0	0	0	0	0	0	0	0	0	0	0	7.336e+04	1.109e+05	0	0	0	0	0	0	0	0	0	0	0	0	0	0	0	0	0	0	0	0	0	0	0	
17584	909	3.45e+19	0	0	100000	2	0	0	0	0	0	0	0	0	0	0	0	0	0	0	0	0	0	0	0	0	0	0	0	0	0	0	0	0	0	0	0	0	0	0	0	0	0	0	0	0	0	0	3.381e+05	0	0	0	0	0	0	0	0	5.505e+04	0	0	0	0	0	0	0	0	0	0	0	0	0	0	7.431e+04	1.123e+05	0	0	0	0	0	0	0	0	0	0	0	0	0	0	0	0	0	0	0	0	0	0	0	
17808	909	3.45e+19	0	0	100000	2	0	0	0	0	0	0	0	0	0	0	0	0	0	0	0	0	0	0	0	0	0	0	0	0	0	0	0	0	0	0	0	0	0	0	0	0	0	0	0	0	0	0	3.424e+05	0	0	0	0	0	0	0	0	5.575e+04	0	0	0	0	0	0	0	0	0	0	0	0	0	0	7.526e+04	1.138e+05	0	0	0	0	0	0	0	0	0	0	0	0	0	0	0	0	0	0	0	0	0	0	0	
18032	909	3.45e+19	0	0	100000	2	0	0	0	0	0	0	0	0	0	0	0	0	0	0	0	0	0	0	0	0	0	0	0	0	0	0	0	0	0	0	0	0	0	0	0	0	0	0	0	0	0	0	3.468e+05	0	0	0	0	0	0	0	0	5.645e+04	0	0	0	0	0	0	0	0	0	0	0	0	0	0	7.62e+04	1.152e+05	0	0	0	0	0	0	0	0	0	0	0	0	0	0	0	0	0	0	0	0	0	0	0	
18256	909	3.45e+19	0	0	100000	2	0	0	0	0	0	0	0	0	0	0	0	0	0	0	0	0	0	0	0	0	0	0	0	0	0	0	0	0	0	0	0	0	0	0	0	0	0	0	0	0	0	0	3.511e+05	0	0	0	0	0	0	0	0	5.715e+04	0	0	0	0	0	0	0	0	0	0	0	0	0	0	7.715e+04	1.166e+05	0	0	0	0	0	0	0	0	0	0	0	0	0	0	0	0	0	0	0	0	0	0	0	
18480	909	3.45e+19	0	0	100000	2	0	0	0	0	0	0	0	0	0	0	0	0	0	0	0	0	0	0	0	0	0	0	0	0	0	0	0	0	0	0	0	0	0	0	0	0	0	0	0	0	0	0	3.554e+05	0	0	0	0	0	0	0	0	5.785e+04	0	0	0	0	0	0	0	0	0	0	0	0	0	0	7.81e+04	1.181e+05	0	0	0	0	0	0	0	0	0	0	0	0	0	0	0	0	0	0	0	0	0	0	0	
18704	909	3.45e+19	0	0	100000	2	0	0	0	0	0	0	0	0	0	0	0	0	0	0	0	0	0	0	0	0	0	0	0	0	0	0	0	0	0	0	0	0	0	0	0	0	0	0	0	0	0	0	3.597e+05	0	0	0	0	0	0	0	0	5.856e+04	0	0	0	0	0	0	0	0	0	0	0	0	0	0	7.904e+04	1.195e+05	0	0	0	0	0	0	0	0	0	0	0	0	0	0	0	0	0	0	0	0	0	0	0	
18928	909	3.45e+19	0	0	100000	2	0	0	0	0	0	0	0	0	0	0	0	0	0	0	0	0	0	0	0	0	0	0	0	0	0	0	0	0	0	0	0	0	0	0	0	0	0	0	0	0	0	0	3.64e+05	0	0	0	0	0	0	0	0	5.926e+04	0	0	0	0	0	0	0	0	0	0	0	0	0	0	7.999e+04	1.209e+05	0	0	0	0	0	0	0	0	0	0	0	0	0	0	0	0	0	0	0	0	0	0	0	
19152	909	3.45e+19	0	0	100000	2	0	0	0	0	0	0	0	0	0	0	0	0	0	0	0	0	0	0	0	0	0	0	0	0	0	0	0	0	0	0	0	0	0	0	0	0	0	0	0	0	0	0	3.683e+05	0	0	0	0	0	0	0	0	5.996e+04	0	0	0	0	0	0	0	0	0	0	0	0	0	0	8.094e+04	1.223e+05	0	0	0	0	0	0	0	0	0	0	0	0	0	0	0	0	0	0	0	0	0	0	0	
19376	909	3.45e+19	0	0	100000	2	0	0	0	0	0	0	0	0	0	0	0	0	0	0	0	0	0	0	0	0	0	0	0	0	0	0	0	0	0	0	0	0	0	0	0	0	0	0	0	0	0	0	3.726e+05	0	0	0	0	0	0	0	0	6.066e+04	0	0	0	0	0	0	0	0	0	0	0	0	0	0	8.188e+04	1.238e+05	0	0	0	0	0	0	0	0	0	0	0	0	0	0	0	0	0	0	0	0	0	0	0	
19600	909	3.45e+19	0	0	100000	2	0	0	0	0	0	0	0	0	0	0	0	0	0	0	0	0	0	0	0	0	0	0	0	0	0	0	0	0	0	0	0	0	0	0	0	0	0	0	0	0	0	0	3.769e+05	0	0	0	0	0	0	0	0	6.136e+04	0	0	0	0	0	0	0	0	0	0	0	0	0	0	8.283e+04	1.252e+05	0	0	0	0	0	0	0	0	0	0	0	0	0	0	0	0	0	0	0	0	0	0	0	
19824	909	3.45e+19	0	0	100000	2	0	0	0	0	0	0	0	0	0	0	0	0	0	0	0	0	0	0	0	0	0	0	0	0	0	0	0	0	0	0	0	0	0	0	0	0	0	0	0	0	0	0	3.812e+05	0	0	0	0	0	0	0	0	6.206e+04	0	0	0	0	0	0	0	0	0	0	0	0	0	0	8.378e+04	1.266e+05	0	0	0	0	0	0	0	0	0	0	0	0	0	0	0	0	0	0	0	0	0	0	0	
20048	909	3.45e+19	0	0	100000	2	0	0	0	0	0	0	0	0	0	0	0	0	0	0	0	0	0	0	0	0	0	0	0	0	0	0	0	0	0	0	0	0	0	0	0	0	0	0	0	0	0	0	3.855e+05	0	0	0	0	0	0	0	0	6.276e+04	0	0	0	0	0	0	0	0	0	0	0	0	0	0	8.472e+04	1.281e+05	0	0	0	0	0	0	0	0	0	0	0	0	0	0	0	0	0	0	0	0	0	0	0	
20272	909	3.45e+19	0	0	100000	2	0	0	0	0	0	0	0	0	0	0	0	0	0	0	0	0	0	0	0	0	0	0	0	0	0	0	0	0	0	0	0	0	0	0	0	0	0	0	0	0	0	0	3.898e+05	0	0	0	0	0	0	0	0	6.346e+04	0	0	0	0	0	0	0	0	0	0	0	0	0	0	8.567e+04	1.295e+05	0	0	0	0	0	0	0	0	0	0	0	0	0	0	0	0	0	0	0	0	0	0	0	
20496	909	3.45e+19	0	0	100000	2	0	0	0	0	0	0	0	0	0	0	0	0	0	0	0	0	0	0	0	0	0	0	0	0	0	0	0	0	0	0	0	0	0	0	0	0	0	0	0	0	0	0	3.941e+05	0	0	0	0	0	0	0	0	6.417e+04	0	0	0	0	0	0	0	0	0	0	0	0	0	0	8.662e+04	1.309e+05	0	0	0	0	0	0	0	0	0	0	0	0	0	0	0	0	0	0	0	0	0	0	0	
20720	909	3.45e+19	0	0	100000	2	0	0	0	0	0	0	0	0	0	0	0	0	0	0	0	0	0	0	0	0	0	0	0	0	0	0	0	0	0	0	0	0	0	0	0	0	0	0	0	0	0	0	3.984e+05	0	0	0	0	0	0	0	0	6.487e+04	0	0	0	0	0	0	0	0	0	0	0	0	0	0	8.756e+04	1.324e+05	0	0	0	0	0	0	0	0	0	0	0	0	0	0	0	0	0	0	0	0	0	0	0	
20944	909	3.45e+19	0	0	100000	2	0	0	0	0	0	0	0	0	0	0	0	0	0	0	0	0	0	0	0	0	0	0	0	0	0	0	0	0	0	0	0	0	0	0	0	0	0	0	0	0	0	0	4.027e+05	0	0	0	0	0	0	0	0	6.557e+04	0	0	0	0	0	0	0	0	0	0	0	0	0	0	8.851e+04	1.338e+05	0	0	0	0	0	0	0	0	0	0	0	0	0	0	0	0	0	0	0	0	0	0	0	
21168	909	3.45e+19	0	0	100000	2	0	0	0	0	0	0	0	0	0	0	0	0	0	0	0	0	0	0	0	0	0	0	0	0	0	0	0	0	0	0	0	0	0	0	0	0	0	0	0	0	0	0	4.071e+05	0	0	0	0	0	0	0	0	6.627e+04	0	0	0	0	0	0	0	0	0	0	0	0	0	0	8.946e+04	1.352e+05	0	0	0	0	0	0	0	0	0	0	0	0	0	0	0	0	0	0	0	0	0	0	0	
21392	909	3.45e+19	0	0	100000	2	0	0	0	0	0	0	0	0	0	0	0	0	0	0	0	0	0	0	0	0	0	0	0	0	0	0	0	0	0	0	0	0	0	0	0	0	0	0	0	0	0	0	4.114e+05	0	0	0	0	0	0	0	0	6.697e+04	0	0	0	0	0	0	0	0	0	0	0	0	0	0	9.04e+04	1.367e+05	0	0	0	0	0	0	0	0	0	0	0	0	0	0	0	0	0	0	0	0	0	0	0	
21616	909	3.45e+19	0	0	100000	2	0	0	0	0	0	0	0	0	0	0	0	0	0	0	0	0	0	0	0	0	0	0	0	0	0	0	0	0	0	0	0	0	0	0	0	0	0	0	0	0	0	0	4.157e+05	0	0	0	0	0	0	0	0	6.767e+04	0	0	0	0	0	0	0	0	0	0	0	0	0	0	9.135e+04	1.381e+05	0	0	0	0	0	0	0	0	0	0	0	0	0	0	0	0	0	0	0	0	0	0	0	
21840	909	3.45e+19	0	0	100000	2	0	0	0	0	0	0	0	0	0	0	0	0	0	0	0	0	0	0	0	0	0	0	0	0	0	0	0	0	0	0	0	0	0	0	0	0	0	0	0	0	0	0	4.2e+05	0	0	0	0	0	0	0	0	6.837e+04	0	0	0	0	0	0	0	0	0	0	0	0	0	0	9.23e+04	1.395e+05	0	0	0	0	0	0	0	0	0	0	0	0	0	0	0	0	0	0	0	0	0	0	0	
22064	909	3.45e+19	0	0	100000	2	0	0	0	0	0	0	0	0	0	0	0	0	0	0	0	0	0	0	0	0	0	0	0	0	0	0	0	0	0	0	0	0	0	0	0	0	0	0	0	0	0	0	4.243e+05	0	0	0	0	0	0	0	0	6.907e+04	0	0	0	0	0	0	0	0	0	0	0	0	0	0	9.324e+04	1.409e+05	0	0	0	0	0	0	0	0	0	0	0	0	0	0	0	0	0	0	0	0	0	0	0	
22288	909	3.45e+19	0	0	100000	2	0	0	0	0	0	0	0	0	0	0	0	0	0	0	0	0	0	0	0	0	0	0	0	0	0	0	0	0	0	0	0	0	0	0	0	0	0	0	0	0	0	0	4.286e+05	0	0	0	0	0	0	0	0	6.978e+04	0	0	0	0	0	0	0	0	0	0	0	0	0	0	9.419e+04	1.424e+05	0	0	0	0	0	0	0	0	0	0	0	0	0	0	0	0	0	0	0	0	0	0	0	
22512	909	3.45e+19	0	0	100000	2	0	0	0	0	0	0	0	0	0	0	0	0	0	0	0	0	0	0	0	0	0	0	0	0	0	0	0	0	0	0	0	0	0	0	0	0	0	0	0	0	0	0	4.329e+05	0	0	0	0	0	0	0	0	7.048e+04	0	0	0	0	0	0	0	0	0	0	0	0	0	0	9.514e+04	1.438e+05	0	0	0	0	0	0	0	0	0	0	0	0	0	0	0	0	0	0	0	0	0	0	0	
22736	909	3.45e+19	0	0	100000	2	0	0	0	0	0	0	0	0	0	0	0	0	0	0	0	0	0	0	0	0	0	0	0	0	0	0	0	0	0	0	0	0	0	0	0	0	0	0	0	0	0	0	4.372e+05	0	0	0	0	0	0	0	0	7.118e+04	0	0	0	0	0	0	0	0	0	0	0	0	0	0	9.608e+04	1.452e+05	0	0	0	0	0	0	0	0	0	0	0	0	0	0	0	0	0	0	0	0	0	0	0	
22960	909	3.45e+19	0	0	100000	2	0	0	0	0	0	0	0	0	0	0	0	0	0	0	0	0	0	0	0	0	0	0	0	0	0	0	0	0	0	0	0	0	0	0	0	0	0	0	0	0	0	0	4.415e+05	0	0	0	0	0	0	0	0	7.188e+04	0	0	0	0	0	0	0	0	0	0	0	0	0	0	9.703e+04	1.467e+05	0	0	0	0	0	0	0	0	0	0	0	0	0	0	0	0	0	0	0	0	0	0	0	
23184	909	3.45e+19	0	0	100000	2	0	0	0	0	0	0	0	0	0	0	0	0	0	0	0	0	0	0	0	0	0	0	0	0	0	0	0	0	0	0	0	0	0	0	0	0	0	0	0	0	0	0	4.458e+05	0	0	0	0	0	0	0	0	7.258e+04	0	0	0	0	0	0	0	0	0	0	0	0	0	0	9.798e+04	1.481e+05	0	0	0	0	0	0	0	0	0	0	0	0	0	0	0	0	0	0	0	0	0	0	0	
23408	909	3.45e+19	0	0	100000	2	0	0	0	0	0	0	0	0	0	0	0	0	0	0	0	0	0	0	0	0	0	0	0	0	0	0	0	0	0	0	0	0	0	0	0	0	0	0	0	0	0	0	4.501e+05	0	0	0	0	0	0	0	0	7.328e+04	0	0	0	0	0	0	0	0	0	0	0	0	0	0	9.892e+04	1.495e+05	0	0	0	0	0	0	0	0	0	0	0	0	0	0	0	0	0	0	0	0	0	0	0	
23632	909	3.45e+19	0	0	100000	2	0	0	0	0	0	0	0	0	0	0	0	0	0	0	0	0	0	0	0	0	0	0	0	0	0	0	0	0	0	0	0	0	0	0	0	0	0	0	0	0	0	0	4.544e+05	0	0	0	0	0	0	0	0	7.398e+04	0	0	0	0	0	0	0	0	0	0	0	0	0	0	9.987e+04	1.51e+05	0	0	0	0	0	0	0	0	0	0	0	0	0	0	0	0	0	0	0	0	0	0	0	
23856	909	3.45e+19	0	0	100000	2	0	0	0	0	0	0	0	0	0	0	0	0	0	0	0	0	0	0	0	0	0	0	0	0	0	0	0	0	0	0	0	0	0	0	0	0	0	0	0	0	0	0	4.587e+05	0	0	0	0	0	0	0	0	7.468e+04	0	0	0	0	0	0	0	0	0	0	0	0	0	0	1.008e+05	1.524e+05	0	0	0	0	0	0	0	0	0	0	0	0	0	0	0	0	0	0	0	0	0	0	0	
24080	909	3.45e+19	0	0	100000	2	0	0	0	0	0	0	0	0	0	0	0	0	0	0	0	0	0	0	0	0	0	0	0	0	0	0	0	0	0	0	0	0	0	0	0	0	0	0	0	0	0	0	4.631e+05	0	0	0	0	0	0	0	0	7.539e+04	0	0	0	0	0	0	0	0	0	0	0	0	0	0	1.018e+05	1.538e+05	0	0	0	0	0	0	0	0	0	0	0	0	0	0	0	0	0	0	0	0	0	0	0	
24304	909	3.45e+19	0	0	100000	2	0	0	0	0	0	0	0	0	0	0	0	0	0	0	0	0	0	0	0	0	0	0	0	0	0	0	0	0	0	0	0	0	0	0	0	0	0	0	0	0	0	0	4.674e+05	0	0	0	0	0	0	0	0	7.609e+04	0	0	0	0	0	0	0	0	0	0	0	0	0	0	1.027e+05	1.553e+05	0	0	0	0	0	0	0	0	0	0	0	0	0	0	0	0	0	0	0	0	0	0	0	
24528	909	3.45e+19	0	0	100000	2	0	0	0	0	0	0	0	0	0	0	0	0	0	0	0	0	0	0	0	0	0	0	0	0	0	0	0	0	0	0	0	0	0	0	0	0	0	0	0	0	0	0	4.717e+05	0	0	0	0	0	0	0	0	7.679e+04	0	0	0	0	0	0	0	0	0	0	0	0	0	0	1.037e+05	1.567e+05	0	0	0	0	0	0	0	0	0	0	0	0	0	0	0	0	0	0	0	0	0	0	0	
24752	909	3.45e+19	0	0	100000	2	0	0	0	0	0	0	0	0	0	0	0	0	0	0	0	0	0	0	0	0	0	0	0	0	0	0	0	0	0	0	0	0	0	0	0	0	0	0	0	0	0	0	4.76e+05	0	0	0	0	0	0	0	0	7.749e+04	0	0	0	0	0	0	0	0	0	0	0	0	0	0	1.046e+05	1.581e+05	0	0	0	0	0	0	0	0	0	0	0	0	0	0	0	0	0	0	0	0	0	0	0	
24976	909	3.45e+19	0	0	100000	2	0	0	0	0	0	0	0	0	0	0	0	0	0	0	0	0	0	0	0	0	0	0	0	0	0	0	0	0	0	0	0	0	0	0	0	0	0	0	0	0	0	0	4.803e+05	0	0	0	0	0	0	0	0	7.819e+04	0	0	0	0	0	0	0	0	0	0	0	0	0	0	1.055e+05	1.596e+05	0	0	0	0	0	0	0	0	0	0	0	0	0	0	0	0	0	0	0	0	0	0	0	
25200	909	3.45e+19	0	0	100000	2	0	0	0	0	0	0	0	0	0	0	0	0	0	0	0	0	0	0	0	0	0	0	0	0	0	0	0	0	0	0	0	0	0	0	0	0	0	0	0	0	0	0	4.846e+05	0	0	0	0	0	0	0	0	7.889e+04	0	0	0	0	0	0	0	0	0	0	0	0	0	0	1.065e+05	1.61e+05	0	0	0	0	0	0	0	0	0	0	0	0	0	0	0	0	0	0	0	0	0	0	0	
25200.01	902.91	3.4155e+19	0	0	100000	2	0	0	0	0	0	0	0	0	0	0	0	0	0	0	0	0	0	0	0	0	0	0	0	0	0	0	0	0	0	0	0	0	0	0	0	0	0	0	0	0	0	0	4.846e+05	0	0	0	0	0	0	0	0	7.889e+04	0	0	0	0	0	0	0	0	0	0	0	0	0	0	1.065e+05	1.61e+05	0	0	0	0	0	0	0	0	0	0	0	0	0	0	0	0	0	0	0	0	0	0	0	
25200.02	896.82	3.381e+19	0	0	100000	2	0	0	0	0	0	0	0	0	0	0	0	0	0	0	0	0	0	0	0	0	0	0	0	0	0	0	0	0	0	0	0	0	0	0	0	0	0	0	0	0	0	0	4.846e+05	0	0	0	0	0	0	0	0	7.889e+04	0	0	0	0	0	0	0	0	0	0	0	0	0	0	1.064e+05	1.611e+05	0	0	0	0	0	0	0	0	0	0	0	0	0	0	0	0	0	0	0	0	0	0	0	
25200.03	890.73	3.3465e+19	0	0	100000	2	0	0	0	0	0	0	0	0	0	0	0	0	0	0	0	0	0	0	0	0	0	0	0	0	0	0	0	0	0	0	0	0	0	0	0	0	0	0	0	0	0	0	4.846e+05	0	0	0	0	0	0	0	0	7.889e+04	0	0	0	0	0	0	0	0	0	0	0	0	0	0	1.064e+05	1.611e+05	0	0	0	0	0	0	0	0	0	0	0	0	0	0	0	0	0	0	0	0	0	0	0	
25200.04	884.64	3.312e+19	0	0	100000	2	0	0	0	0	0	0	0	0	0	0	0	0	0	0	0	0	0	0	0	0	0	0	0	0	0	0	0	0	0	0	0	0	0	0	0	0	0	0	0	0	0	0	4.846e+05	0	0	0	0	0	0	0	0	7.889e+04	0	0	0	0	0	0	0	0	0	0	0	0	0	0	1.063e+05	1.612e+05	0	0	0	0	0	0	0	0	0	0	0	0	0	0	0	0	0	0	0	0	0	0	0	
25200.05	878.55	3.2775e+19	0	0	100000	2	0	0	0	0	0	0	0	0	0	0	0	0	0	0	0	0	0	0	0	0	0	0	0	0	0	0	0	0	0	0	0	0	0	0	0	0	0	0	0	0	0	0	4.846e+05	0	0	0	0	0	0	0	0	7.889e+04	0	0	0	0	0	0	0	0	0	0	0	0	0	0	1.063e+05	1.612e+05	0	0	0	0	0	0	0	0	0	0	0	0	0	0	0	0	0	0	0	0	0	0	0	
25200.06	872.46	3.243e+19	0	0	100000	2	0	0	0	0	0	0	0	0	0	0	0	0	0	0	0	0	0	0	0	0	0	0	0	0	0	0	0	0	0	0	0	0	0	0	0	0	0	0	0	0	0	0	4.846e+05	0	0	0	0	0	0	0	0	7.889e+04	0	0	0	0	0	0	0	0	0	0	0	0	0	0	1.062e+05	1.612e+05	0	0	0	0	0	0	0	0	0	0	0	0	0	0	0	0	0	0	0	0	0	0	0	
25200.07	866.37	3.2085e+19	0	0	100000	2	0	0	0	0	0	0	0	0	0	0	0	0	0	0	0	0	0	0	0	0	0	0	0	0	0	0	0	0	0	0	0	0	0	0	0	0	0	0	0	0	0	0	4.846e+05	0	0	0	0	0	0	0	0	7.889e+04	0	0	0	0	0	0	0	0	0	0	0	0	0	0	1.062e+05	1.613e+05	0	0	0	0	0	0	0	0	0	0	0	0	0	0	0	0	0	0	0	0	0	0	0	
25200.08	860.28	3.174e+19	0	0	100000	2	0	0	0	0	0	0	0	0	0	0	0	0	0	0	0	0	0	0	0	0	0	0	0	0	0	0	0	0	0	0	0	0	0	0	0	0	0	0	0	0	0	0	4.846e+05	0	0	0	0	0	0	0	0	7.889e+04	0	0	0	0	0	0	0	0	0	0	0	0	0	0	1.062e+05	1.613e+05	0	0	0	0	0	0	0	0	0	0	0	0	0	0	0	0	0	0	0	0	0	0	0	
25200.09	854.19	3.1395e+19	0	0	100000	2	0	0	0	0	0	0	0	0	0	0	0	0	0	0	0	0	0	0	0	0	0	0	0	0	0	0	0	0	0	0	0	0	0	0	0	0	0	0	0	0	0	0	4.846e+05	0	0	0	0	0	0	0	0	7.889e+04	0	0	0	0	0	0	0	0	0	0	0	0	0	0	1.061e+05	1.614e+05	0	0	0	0	0	0	0	0	0	0	0	0	0	0	0	0	0	0	0	0	0	0	0	
25200.1	848.1	3.105e+19	0	0	100000	2	0	0	0	0	0	0	0	0	0	0	0	0	0	0	0	0	0	0	0	0	0	0	0	0	0	0	0	0	0	0	0	0	0	0	0	0	0	0	0	0	0	0	4.846e+05	0	0	0	0	0	0	0	0	7.889e+04	0	0	0	0	0	0	0	0	0	0	0	0	0	0	1.061e+05	1.614e+05	0	0	0	0	0	0	0	0	0	0	0	0	0	0	0	0	0	0	0	0	0	0	0	
25200.11	842.01	3.0705e+19	0	0	100000	2	0	0	0	0	0	0	0	0	0	0	0	0	0	0	0	0	0	0	0	0	0	0	0	0	0	0	0	0	0	0	0	0	0	0	0	0	0	0	0	0	0	0	4.846e+05	0	0	0	0	0	0	0	0	7.889e+04	0	0	0	0	0	0	0	0	0	0	0	0	0	0	1.06e+05	1.614e+05	0	0	0	0	0	0	0	0	0	0	0	0	0	0	0	0	0	0	0	0	0	0	0	
25200.12	835.92	3.036e+19	0	0	100000	2	0	0	0	0	0	0	0	0	0	0	0	0	0	0	0	0	0	0	0	0	0	0	0	0	0	0	0	0	0	0	0	0	0	0	0	0	0	0	0	0	0	0	0	0	0	0	0	0	0	0	0	0	0	0	0	0	0	0	0	0	0	0	0	0	0	0	0	0	0	0	0	0	0	0	0	0	0	0	0	0	0	0	0	0	0	0	0	0	0	0	0	
25200.13	829.83	3.0015e+19	0	0	100000	2	0	0	0	0	0	0	0	0	0	0	0	0	0	0	0	0	0	0	0	0	0	0	0	0	0	0	0	0	0	0	0	0	0	0	0	0	0	0	0	0	0	4.846e+05	0	0	0	0	0	0	0	0	0	7.889e+04	0	0	0	0	0	0	0	0	0	0	0	0	0	0	1.06e+05	1.615e+05	0	0	0	0	0	0	0	0	0	0	0	0	0	0	0	0	0	0	0	0	0	0	0	
25200.14	823.74	2.967e+19	0	0	100000	2	0	0	0	0	0	0	0	0	0	0	0	0	0	0	0	0	0	0	0	0	0	0	0	0	0	0	0	0	0	0	0	0	0	0	0	0	0	0	0	0	0	4.846e+05	0	0	0	0	0	0	0	0	0	7.889e+04	0	0	0	0	0	0	0	0	0	0	0	0	0	0	1.059e+05	1.615e+05	0	0	0	0	0	0	0	0	0	0	0	0	0	0	0	0	0	0	0	0	0	0	0	
25200.15	817.65	2.9325e+19	0	0	100000	2	0	0	0	0	0	0	0	0	0	0	0	0	0	0	0	0	0	0	0	0	0	0	0	0	0	0	0	0	0	0	0	0	0	0	0	0	0	0	0	0	0	4.846e+05	0	0	0	0	0	0	0	0	0	7.889e+04	0	0	0	0	0	0	0	0	0	0	0	0	0	0	1.059e+05	1.616e+05	0	0	0	0	0	0	0	0	0	0	0	0	0	0	0	0	0	0	0	0	0	0	0	
25200.16	811.56	2.898e+19	0	0	100000	2	0	0	0	0	0	0	0	0	0	0	0	0	0	0	0	0	0	0	0	0	0	0	0	0	0	0	0	0	30.94	0	0	0	0	0	0	0	0	0	0	0	0	4.846e+05	0	0	0	0	0	0	0	0	0	7.889e+04	0	0	0	0	0	0	0	0	0	0	0	0	0	0	1.059e+05	1.616e+05	0	0	0	0	0	0	0	0	0	0	0	0	0	0	0	0	0	0	0	0	0	0	0	
25200.17	805.47	2.8635e+19	0	0	100000	2	0	0	0	0	0	0	0	0	0	0	0	0	0	0	0	0	0	0	0	0	0	0	0	0	0	0	0	0	81.86	0	0	0	0	0	0	0	0	0	0	0	0	4.846e+05	0	0	0	0	0	0	0	0	0	7.889e+04	0	0	0	0	0	0	0	0	0	0	0	0	0	0	1.058e+05	1.616e+05	0	0	0	0	0	0	0	0	0	0	0	0	0	0	0	0	0	0	0	0	0	0	0	
25200.18	799.38	2.829e+19	0	0	100000	2	0	0	0	0	0	0	0	0	0	0	0	0	0	0	0	0	0	0	0	0	0	0	0	0	0	0	0	0	127.8	0	0	0	0	0	0	0	0	0	0	0	0	4.846e+05	0	0	0	0	0	0	0	0	0	7.889e+04	0	0	0	0	0	0	0	0	0	0	0	0	0	0	1.058e+05	1.616e+05	0	0	0	0	0	0	0	0	0	0	0	0	0	0	0	0	0	0	0	0	0	0	0	
25200.19	793.29	2.7945e+19	0	0	100000	2	0	0	0	0	0	0	0	0	0	0	0	0	0	0	0	0	0	0	0	0	0	0	0	0	0	0	0	0	169.3	0	0	0	0	0	0	0	0	0	0	0	0	4.846e+05	0	0	0	0	0	0	0	0	0	7.889e+04	0	0	0	0	0	0	0	0	0	0	0	0	0	0	1.057e+05	1.617e+05	0	0	0	0	0	0	0	0	0	0	0	0	0	0	0	0	0	0	0	0	0	0	0	
25200.2	787.2	2.76e+19	0	0	100000	2	0	0	0	0	0	0	0	0	0	0	0	0	0	0	0	0	0	0	0	0	0	0	0	0	0	0	0	0	206.6	0	0	0	0	0	0	0	0	0	0	0	0	4.845e+05	0	0	0	0	0	0	0	0	0	7.889e+04	0	0	0	0	0	0	0	0	0	0	0	0	0	0	1.057e+05	1.617e+05	0	0	0	0	0	0	0	0	0	0	0	0	0	0	0	0	0	0	0	0	0	0	0	
25200.21	781.11	2.7255e+19	0	0	100000	2	0	0	0	0	0	0	0	0	0	0	0	0	0	0	0	0	0	0	0	0	0	0	0	0	0	0	0	0	240.1	0	0	0	0	0	0	0	0	0	0	0	0	4.845e+05	0	0	0	0	0	0	0	0	0	7.889e+04	0	0	0	0	0	0	0	0	0	0	0	0	0	0	1.056e+05	1.617e+05	0	0	0	0	0	0	0	0	0	0	0	0	0	0	0	0	0	0	0	0	0	0	0	
25200.22	775.02	2.691e+19	0	0	100000	2	0	0	0	0	0	0	0	0	0	0	0	0	0	0	0	0	0	0	0	0	0	0	0	0	0	0	0	0	270	0	0	0	0	0	0	0	0	0	0	0	0	4.845e+05	0	0	0	0	0	0	0	0	0	7.889e+04	0	0	0	0	0	0	0	0	0	0	0	0	0	0	1.056e+05	1.617e+05	0	0	0	0	0	0	0	0	0	0	0	0	0	0	0	0	0	0	0	0	0	0	0	
25200.23	768.93	2.6565e+19	0	0	100000	2	0	0	0	0	0	0	0	0	0	0	0	0	0	0	0	0	0	0	0	0	0	0	0	0	0	0	0	0	296.6	0	0	0	0	0	0	0	0	0	0	0	0	4.845e+05	0	0	0	0	0	0	0	0	0	7.889e+04	0	0	0	0	0	0	0	0	0	0	0	0	0	0	1.055e+05	1.617e+05	0	0	0	0	0	0	0	0	0	0	0	0	0	0	0	0	0	0	0	0	0	0	0	
25200.24	762.84	2.622e+19	0	0	100000	2	0	0	0	0	0	0	0	0	0	0	0	0	0	0	0	0	0	0	0	0	0	0	0	0	0	0	0	0	320.4	0	0	0	0	0	0	0	0	0	0	0	0	4.845e+05	0	0	0	0	0	0	0	0	0	7.889e+04	0	0	0	0	0	0	0	0	0	0	0	0	0	0	1.055e+05	1.617e+05	0	0	0	0	0	0	0	0	0	0	0	0	0	0	0	0	0	0	0	0	0	0	0	
25200.25	756.75	2.5875e+19	0	0	100000	2	0	0	0	0	0	0	0	0	0	0	0	0	0	0	0	0	0	0	0	0	0	0	0	0	0	0	0	0	341.4	0	0	0	0	0	0	0	0	0	0	0	0	4.845e+05	0	0	0	0	0	0	0	0	0	7.889e+04	0	0	0	0	0	0	0	0	0	0	0	0	0	0	1.055e+05	1.618e+05	0	0	0	0	0	0	0	0	0	0	0	0	0	0	0	0	0	0	0	0	0	0	0	
25200.26	750.66	2.553e+19	0	0	100000	2	0	0	0	0	0	0	0	0	0	0	0	0	0	0	0	0	0	0	0	0	0	0	0	0	0	0	0	0	359.9	0	0	0	0	0	0	0	0	0	0	0	0	4.845e+05	0	0	0	0	0	0	0	0	0	7.889e+04	0	0	0	0	0	0	0	0	0	0	0	0	0	0	1.054e+05	1.618e+05	0	0	0	0	0	0	0	0	0	0	0	0	0	0	0	0	0	0	0	0	0	0	0	
25200.27	744.57	2.5185e+19	0	0	100000	2	0	0	0	0	0	0	0	0	0	0	0	0	0	0	0	0	0	0	0	0	0	0	0	0	0	0	0	0	376.1	0	0	0	0	0	0	0	0	0	0	0	0	4.845e+05	0	0	0	0	0	0	0	0	0	7.889e+04	0	0	0	0	0	0	0	0	0	0	0	0	0	0	1.054e+05	1.618e+05	0	0	0	0	0	0	0	0	0	0	0	0	0	0	0	0	0	0	0	0	0	0	0	
25200.28	738.48	2.484e+19	0	0	100000	2	0	0	0	0	0	0	0	0	0	0	0	0	0	0	0	0	0	0	0	0	0	0	0	0	0	0	0	0	0	0	0	0	0	0	0	0	0	0	0	0	0	0	0	0	0	0	0	0	0	0	0	0	0	0	0	0	0	0	0	0	0	0	0	0	0	0	0	0	0	0	0	0	0	0	0	0	0	0	0	0	0	0	0	0	0	0	0	0	0	0	0	
25200.29	732.39	2.4495e+19	0	0	100000	2	0	0	0	0	0	0	0	0	0	0	0	0	0	0	0	0	0	0	0	0	0	0	0	0	0	0	0	0	0	0	0	0	0	0	0	0	0	0	0	0	0	0	0	0	0	0	0	0	0	0	0	0	0	0	0	0	0	0	0	0	0	0	0	0	0	0	0	0	0	0	0	0	0	0	0	0	0	0	0	0	0	0	0	0	0	0	0	0	0	0	0	
25200.3	726.3	2.415e+19	0	0	100000	2	0	0	0	0	0	0	0	0	0	0	0	0	0	0	0	0	0	0	0	0	0	0	0	0	0	0	0	0	0	0	0	0	0	0	0	0	0	0	0	0	0	0	0	0	0	0	0	0	0	0	0	0	0	0	0	0	0	0	0	0	0	0	0	0	0	0	0	0	0	0	0	0	0	0	0	0	0	0	0	0	0	0	0	0	0	0	0	0	0	0	0	
25200.31	720.21	2.3805e+19	0	0	100000	2	0	0	0	0	0	0	0	0	0	0	0	0	0	0	0	0	0	0	0	0	0	0	0	0	0	0	0	0	0	0	0	0	0	0	0	0	0	0	0	0	0	0	0	0	0	0	0	0	0	0	0	0	0	0	0	0	0	0	0	0	0	0	0	0	0	0	0	0	0	0	0	0	0	0	0	0	0	0	0	0	0	0	0	0	0	0	0	0	0	0	0	
25200.32	714.12	2.346e+19	0	0	100000	2	0	0	0	0	0	0	0	0	0	0	0	0	0	0	0	0	0	0	0	0	0	0	0	0	0	0	0	0	0	0	0	0	0	0	0	0	0	0	0	0	0	0	0	0	0	0	0	0	0	0	0	0	0	0	0	0	0	0	0	0	0	0	0	0	0	0	0	0	0	0	0	0	0	0	0	0	0	0	0	0	0	0	0	0	0	0	0	0	0	0	0	
25200.33	708.03	2.3115e+19	0	0	100000	2	0	0	0	0	0	0	0	0	0	0	0	0	0	0	0	0	0	0	0	0	0	0	0	0	0	0	0	0	0	0	0	0	0	0	0	0	0	0	0	0	0	0	0	0	0	0	0	0	0	0	0	0	0	0	0	0	0	0	0	0	0	0	0	0	0	0	0	0	0	0	0	0	0	0	0	0	0	0	0	0	0	0	0	0	0	0	0	0	0	0	0	
25200.34	701.94	2.277e+19	0	0	100000	2	0	0	0	0	0	0	0	0	0	0	0	0	0	0	0	0	0	0	0	0	0	0	0	0	0	0	0	0	0	0	0	0	0	0	0	0	0	0	0	0	0	0	0	0	0	0	0	0	0	0	0	0	0	0	0	0	0	0	0	0	0	0	0	0	0	0	0	0	0	0	0	0	0	0	0	0	0	0	0	0	0	0	0	0	0	0	0	0	0	0	0	
25200.35	695.85	2.2425e+19	0	0	100000	2	0	0	0	0	0	0	0	0	0	0	0	0	0	0	0	0	0	0	0	0	0	0	0	0	0	0	0	0	0	0	0	0	0	0	0	0	0	0	0	0	0	4.846e+05	0	401.6	0	0	0	0	0	0	0	7.889e+04	0	0	0	0	0	0	0	0	0	0	0	0	0	0	1.051e+05	1.62e+05	0	0	0	0	0	0	0	0	0	0	0	0	0	0	0	0	0	0	0	0	0	0	0	
25200.36	689.76	2.208e+19	0	0	100000	2	0	0	0	0	0	0	0	0	0	0	0	0	0	0	0	0	0	0	0	0	0	0	0	0	0	0	0	0	0	0	0	0	0	0	0	0	0	0	0	0	0	4.846e+05	0	407.5	0	0	0	0	0	0	0	7.889e+04	0	0	0	0	0	0	0	0	0	0	0	0	0	0	1.051e+05	1.62e+05	0	0	0	0	0	0	0	0	0	0	0	0	0	0	0	0	0	0	0	0	0	0	0	
25200.37	683.67	2.1735e+19	0	0	100000	2	0	0	0	0	0	0	0	0	0	0	0	0	0	0	0	0	0	0	0	0	0	0	0	0	0	0	0	0	0	0	0	0	0	0	0	0	0	0	0	0	0	4.846e+05	0	412.5	0	0	0	0	0	0	0	7.889e+04	0	0	0	0	0	0	0	0	0	0	0	0	0	0	1.051e+05	1.62e+05	0	0	0	0	0	0	0	0	0	0	0	0	0	0	0	0	0	0	0	0	0	0	0	
25200.38	677.58	2.139e+19	0	0	100000	2	0	0	0	0	0	0	0	0	0	0	0	0	0	0	0	0	0	0	0	0	0	0	0	0	0	0	0	0	0	0	0	0	0	0	0	0	0	0	0	0	0	4.846e+05	0	416.9	0	0	0	0	0	0	0	7.889e+04	0	0	0	0	0	0	0	0	0	0	0	0	0	0	1.051e+05	1.62e+05	0	0	0	0	0	0	0	0	0	0	0	0	0	0	0	0	0	0	0	0	0	0	0	
25200.39	671.49	2.1045e+19	0	0	100000	2	0	0	0	0	0	0	0	0	0	0	0	0	0	0	0	0	0	0	0	0	0	0	0	0	0	0	0	0	0	0	0	0	0	0	0	0	0	0	0	0	0	4.846e+05	0	420.6	0	0	0	0	0	0	0	7.889e+04	0	0	0	0	0	0	0	0	0	0	0	0	0	0	1.05e+05	1.62e+05	0	0	0	0	0	0	0	0	0	0	0	0	0	0	0	0	0	0	0	0	0	0	0	
25200.4	665.4	2.07e+19	0	0	100000	2	0	0	0	0	0	0	0	0	0	0	0	0	0	0	0	0	0	0	0	0	0	0	0	0	0	0	0	0	0	0	0	0	0	0	0	0	0	0	0	0	0	4.846e+05	0	423.7	0	0	0	0	0	0	0	7.889e+04	0	0	0	0	0	0	0	0	0	0	0	0	0	0	1.05e+05	1.621e+05	0	0	0	0	0	0	0	0	0	0	0	0	0	0	0	0	0	0	0	0	0	0	0	
25200.41	659.31	2.0355e+19	0	0	100000	2	0	0	0	0	0	0	0	0	0	0	0	0	0	0	0	0	0	0	0	0	0	0	0	0	0	0	0	0	0	0	0	0	0	0	0	0	0	0	0	0	0	4.846e+05	0	426.4	0	0	0	0	0	0	0	7.889e+04	0	0	0	0	0	0	0	0	0	0	0	0	0	0	1.05e+05	1.621e+05	0	0	0	0	0	0	0	0	0	0	0	0	0	0	0	0	0	0	0	0	0	0	0	
25200.42	653.22	2.001e+19	0	0	100000	2	0	0	0	0	0	0	0	0	0	0	0	0	0	0	0	0	0	0	0	0	0	0	0	0	0	0	0	0	0	0	0	0	0	0	0	0	0	0	0	0	0	4.846e+05	0	428.7	0	0	0	0	0	0	0	7.889e+04	0	0	0	0	0	0	0	0	0	0	0	0	0	0	1.05e+05	1.621e+05	0	0	0	0	0	0	0	0	0	0	0	0	0	0	0	0	0	0	0	0	0	0	0	
25200.43	647.13	1.9665e+19	0	0	100000	2	0	0	0	0	0	0	0	0	0	0	0	0	0	0	0	0	0	0	0	0	0	0	0	0	0	0	0	0	0	0	0	0	0	0	0	0	0	0	0	0	0	4.846e+05	0	430.6	0	0	0	0	0	0	0	7.889e+04	0	0	0	0	0	0	0	0	0	0	0	0	0	0	1.05e+05	1.621e+05	0	0	0	0	0	0	0	0	0	0	0	0	0	0	0	0	0	0	0	0	0	0	0	
25200.44	641.04	1.932e+19	0	0	100000	2	0	0	0	0	0	0	0	0	0	0	0	0	0	0	0	0	0	0	0	0	0	0	0	0	0	0	0	0	0	0	0	0	0	0	0	0	0	0	0	0	0	4.846e+05	0	432.2	0	0	0	0	0	0	0	7.889e+04	0	0	0	0	0	0	0	0	0	0	0	0	0	0	1.049e+05	1.621e+05	0	0	0	0	0	0	0	0	0	0	0	0	0	0	0	0	0	0	0	0	0	0	0	
25200.45	634.95	1.8975e+19	0	0	100000	2	0	0	0	0	0	0	0	0	0	0	0	0	0	0	0	0	0	0	0	0	0	0	0	0	0	0	0	0	0	0	0	0	0	0	0	0	0	0	0	0	0	4.846e+05	0	433.5	0	0	0	0	0	0	0	7.889e+04	0	0	0	0	0	0	0	0	0	0	0	0	0	0	1.049e+05	1.622e+05	0	0	0	0	0	0	0	0	0	0	0	0	0	0	0	0	0	0	0	0	0	0	0	
25200.46	628.86	1.863e+19	0	0	100000	2	0	0	0	0	0	0	0	0	0	0	0	0	0	0	0	0	0	0	0	0	0	0	0	0	0	0	0	0	0	0	0	0	0	0	0	0	0	0	0	0	0	4.846e+05	0	434.7	0	0	0	0	0	0	0	7.889e+04	0	0	0	0	0	0	0	0	0	0	0	0	0	0	1.049e+05	1.622e+05	0	0	0	0	0	0	0	0	0	0	0	0	0	0	0	0	0	0	0	0	0	0	0	
25200.47	622.77	1.8285e+19	0	0	100000	2	0	0	0	0	0	0	0	0	0	0	0	0	0	0	0	0	0	0	0	0	0	0	0	0	0	0	0	0	0	0	0	0	0	0	0	0	0	0	0	0	0	4.846e+05	0	435.6	0	0	0	0	0	0	0	7.889e+04	0	0	0	0	0	0	0	0	0	0	0	0	0	0	1.049e+05	1.622e+05	0	0	0	0	0	0	0	0	0	0	0	0	0	0	0	0	0	0	0	0	0	0	0	
25200.48	616.68	1.794e+19	0	0	100000	2	0	0	0	0	0	0	0	0	0	0	0	0	0	0	0	0	0	0	0	0	0	0	0	0	0	0	0	0	0	0	0	0	0	0	0	0	0	0	0	0	0	4.846e+05	0	436.3	0	0	0	0	0	0	0	7.889e+04	0	0	0	0	0	0	0	0	0	0	0	0	0	0	1.049e+05	1.622e+05	0	0	0	0	0	0	0	0	0	0	0	0	0	0	0	0	0	0	0	0	0	0	0	
25200.49	610.59	1.7595e+19	0	0	100000	2	0	0	0	0	0	0	0	0	0	0	0	0	0	0	0	0	0	0	0	0	0	0	0	0	0	0	0	0	0	0	0	0	0	0	0	0	0	0	0	0	0	4.846e+05	0	436.9	0	0	0	0	0	0	0	7.889e+04	0	0	0	0	0	0	0	0	0	0	0	0	0	0	1.049e+05	1.622e+05	0	0	0	0	0	0	0	0	0	0	0	0	0	0	0	0	0	0	0	0	0	0	0	
25200.5	604.5	1.725e+19	0	0	100000	2	0	0	0	0	0	0	0	0	0	0	0	0	0	0	0	0	0	0	0	0	0	0	0	0	0	0	0	0	0	0	0	0	0	0	0	0	0	0	0	0	0	4.846e+05	0	437.5	0	0	0	0	0	0	0	7.889e+04	0	0	0	0	0	0	0	0	0	0	0	0	0	0	1.048e+05	1.622e+05	0	0	0	0	0	0	0	0	0	0	0	0	0	0	0	0	0	0	0	0	0	0	0	
25200.51	598.4100001	1.6905e+19	0	0	100000	2	0	0	0	0	0	0	0	0	0	0	0	0	0	0	0	0	0	0	0	0	0	0	0	0	0	0	0	0	0	0	0	0	0	0	0	0	0	0	0	0	0	4.846e+05	0	437.9	0	0	0	0	0	0	0	7.889e+04	0	0	0	0	0	0	0	0	0	0	0	0	0	0	1.048e+05	1.623e+05	0	0	0	0	0	0	0	0	0	0	0	0	0	0	0	0	0	0	0	0	0	0	0	
25200.52	592.3200001	1.656e+19	0	0	100000	2	0	0	0	0	0	0	0	0	0	0	0	0	0	0	0	0	0	0	0	0	0	0	0	0	0	0	0	0	0	0	0	0	0	0	0	0	0	0	0	0	0	4.846e+05	0	438.2	0	0	0	0	0	0	0	7.889e+04	0	0	0	0	0	0	0	0	0	0	0	0	0	0	1.048e+05	1.623e+05	0	0	0	0	0	0	0	0	0	0	0	0	0	0	0	0	0	0	0	0	0	0	0	
25200.53	586.2300001	1.6215e+19	0	0	100000	2	0	0	0	0	0	0	0	0	0	0	0	0	0	0	0	0	0	0	0	0	0	0	0	0	0	0	0	0	0	0	0	0	0	0	0	0	0	0	0	0	0	4.846e+05	0	438.4	0	0	0	0	0	0	0	7.889e+04	0	0	0	0	0	0	0	0	0	0	0	0	0	0	1.048e+05	1.623e+05	0	0	0	0	0	0	0	0	0	0	0	0	0	0	0	0	0	0	0	0	0	0	0	
25200.54	580.1400001	1.587e+19	0	0	100000	2	0	0	0	0	0	0	0	0	0	0	0	0	0	0	0	0	0	0	0	0	0	0	0	0	0	0	0	0	0	0	0	0	0	0	0	0	0	0	0	0	0	4.846e+05	0	438.7	0	0	0	0	0	0	0	7.889e+04	0	0	0	0	0	0	0	0	0	0	0	0	0	0	1.048e+05	1.623e+05	0	0	0	0	0	0	0	0	0	0	0	0	0	0	0	0	0	0	0	0	0	0	0	
25200.55	574.0500001	1.5525e+19	0	0	100000	2	0	0	0	0	0	0	0	0	0	0	0	0	0	0	0	0	0	0	0	0	0	0	0	0	0	0	0	0	0	0	0	0	0	0	0	0	0	0	0	0	0	4.846e+05	0	438.8	0	0	0	0	0	0	0	7.889e+04	0	0	0	0	0	0	0	0	0	0	0	0	0	0	1.048e+05	1.623e+05	0	0	0	0	0	0	0	0	0	0	0	0	0	0	0	0	0	0	0	0	0	0	0	
25200.56	567.9600001	1.518e+19	0	0	100000	2	0	0	0	0	0	0	0	0	0	0	0	0	0	0	0	0	0	0	0	0	0	0	0	0	0	0	0	0	0	0	0	0	0	0	0	0	0	0	0	0	0	4.846e+05	0	439	0	0	0	0	0	0	0	7.889e+04	0	0	0	0	0	0	0	0	0	0	0	0	0	0	1.048e+05	1.623e+05	0	0	0	0	0	0	0	0	0	0	0	0	0	0	0	0	0	0	0	0	0	0	0	
25200.57	561.8700001	1.4835e+19	0	0	100000	2	0	0	0	0	0	0	0	0	0	0	0	0	0	0	0	0	0	0	0	0	0	0	0	0	0	0	0	0	0	0	0	0	0	0	0	0	0	0	0	0	0	4.846e+05	0	439.1	0	0	0	0	0	0	0	7.889e+04	0	0	0	0	0	0	0	0	0	0	0	0	0	0	1.047e+05	1.623e+05	0	0	0	0	0	0	0	0	0	0	0	0	0	0	0	0	0	0	0	0	0	0	0	
25200.58	555.7800001	1.449e+19	0	0	100000	2	0	0	0	0	0	0	0	0	0	0	0	0	0	0	0	0	0	0	0	0	0	0	0	0	0	0	0	0	0	0	0	0	0	0	0	0	0	0	0	0	0	4.846e+05	0	439.2	0	0	0	0	0	0	0	7.889e+04	0	0	0	0	0	0	0	0	0	0	0	0	0	0	1.047e+05	1.623e+05	0	0	0	0	0	0	0	0	0	0	0	0	0	0	0	0	0	0	0	0	0	0	0	
25200.59	549.6900001	1.4145e+19	0	0	100000	2	0	0	0	0	0	0	0	0	0	0	0	0	0	0	0	0	0	0	0	0	0	0	0	0	0	0	0	0	0	0	0	0	0	0	0	0	0	0	0	0	0	4.846e+05	0	439.2	0	0	0	0	0	0	0	7.889e+04	0	0	0	0	0	0	0	0	0	0	0	0	0	0	1.047e+05	1.624e+05	0	0	0	0	0	0	0	0	0	0	0	0	0	0	0	0	0	0	0	0	0	0	0	
25200.6	543.6000001	1.38e+19	0	0	100000	2	0	0	0	0	0	0	0	0	0	0	0	0	0	0	0	0	0	0	0	0	0	0	0	0	0	0	0	0	0	0	0	0	0	0	0	0	0	0	0	0	0	4.846e+05	0	439.3	0	0	0	0	0	0	0	7.889e+04	0	0	0	0	0	0	0	0	0	0	0	0	0	0	1.047e+05	1.624e+05	0	0	0	0	0	0	0	0	0	0	0	0	0	0	0	0	0	0	0	0	0	0	0	
25200.61	537.5100001	1.3455e+19	0	0	100000	2	0	0	0	0	0	0	0	0	0	0	0	0	0	0	0	0	0	0	0	0	0	0	0	0	0	0	0	0	0	0	0	0	0	0	0	0	0	0	0	0	0	4.846e+05	0	439.3	0	0	0	0	0	0	0	7.889e+04	0	0	0	0	0	0	0	0	0	0	0	0	0	0	1.047e+05	1.624e+05	0	0	0	0	0	0	0	0	0	0	0	0	0	0	0	0	0	0	0	0	0	0	0	
25200.62	531.4200001	1.311e+19	0	0	100000	2	0	0	0	0	0	0	0	0	0	0	0	0	0	0	0	0	0	0	0	0	0	0	0	0	0	0	0	0	0	0	0	0	0	0	0	0	0	0	0	0	0	4.846e+05	0	439.3	0	0	0	0	0	0	0	7.889e+04	0	0	0	0	0	0	0	0	0	0	0	0	0	0	1.047e+05	1.624e+05	0	0	0	0	0	0	0	0	0	0	0	0	0	0	0	0	0	0	0	0	0	0	0	
25200.63	525.3300001	1.2765e+19	0	0	100000	2	0	0	0	0	0	0	0	0	0	0	0	0	0	0	0	0	0	0	0	0	0	0	0	0	0	0	0	0	0	0	0	0	0	0	0	0	0	0	0	0	0	4.846e+05	0	439.3	0	0	0	0	0	0	0	7.889e+04	0	0	0	0	0	0	0	0	0	0	0	0	0	0	1.047e+05	1.624e+05	0	0	0	0	0	0	0	0	0	0	0	0	0	0	0	0	0	0	0	0	0	0	0	
25200.64	519.2400001	1.242e+19	0	0	100000	2	0	0	0	0	0	0	0	0	0	0	0	0	0	0	0	0	0	0	0	0	0	0	0	0	0	0	0	0	0	0	0	0	0	0	0	0	0	0	0	0	0	4.846e+05	0	439.4	0	0	0	0	0	0	0	7.889e+04	0	0	0	0	0	0	0	0	0	0	0	0	0	0	1.047e+05	1.624e+05	0	0	0	0	0	0	0	0	0	0	0	0	0	0	0	0	0	0	0	0	0	0	0	
25200.65	513.1500001	1.2075e+19	0	0	100000	2	0	0	0	0	0	0	0	0	0	0	0	0	0	0	0	0	0	0	0	0	0	0	0	0	0	0	0	0	0	0	0	0	0	0	0	0	0	0	0	0	0	4.846e+05	0	439.4	0	0	0	0	0	0	0	7.889e+04	0	0	0	0	0	0	0	0	0	0	0	0	0	0	1.047e+05	1.624e+05	0	0	0	0	0	0	0	0	0	0	0	0	0	0	0	0	0	0	0	0	0	0	0	
25200.66	507.0600001	1.173e+19	0	0	100000	2	0	0	0	0	0	0	0	0	0	0	0	0	0	0	0	0	0	0	0	0	0	0	0	0	0	0	0	0	0	0	0	0	0	0	0	0	0	0	0	0	0	4.846e+05	0	439.4	0	0	0	0	0	0	0	7.889e+04	0	0	0	0	0	0	0	0	0	0	0	0	0	0	1.046e+05	1.624e+05	0	0	0	0	0	0	0	0	0	0	0	0	0	0	0	0	0	0	0	0	0	0	0	
25200.67	500.9700001	1.1385e+19	0	0	100000	2	0	0	0	0	0	0	0	0	0	0	0	0	0	0	0	0	0	0	0	0	0	0	0	0	0	0	0	0	0	0	0	0	0	0	0	0	0	0	0	0	0	4.846e+05	0	439.4	0	0	0	0	0	0	0	7.889e+04	0	0	0	0	0	0	0	0	0	0	0	0	0	0	1.046e+05	1.624e+05	0	0	0	0	0	0	0	0	0	0	0	0	0	0	0	0	0	0	0	0	0	0	0	
25200.68	494.8800001	1.104e+19	0	0	100000	2	0	0	0	0	0	0	0	0	0	0	0	0	0	0	0	0	0	0	0	0	0	0	0	0	0	0	0	0	0	0	0	0	0	0	0	0	0	0	0	0	0	4.846e+05	0	439.4	0	0	0	0	0	0	0	7.889e+04	0	0	0	0	0	0	0	0	0	0	0	0	0	0	1.046e+05	1.624e+05	0	0	0	0	0	0	0	0	0	0	0	0	0	0	0	0	0	0	0	0	0	0	0	
25200.69	488.7900001	1.0695e+19	0	0	100000	2	0	0	0	0	0	0	0	0	0	0	0	0	0	0	0	0	0	0	0	0	0	0	0	0	0	0	0	0	0	0	0	0	0	0	0	0	0	0	0	0	0	4.846e+05	0	439.4	0	0	0	0	0	0	0	7.889e+04	0	0	0	0	0	0	0	0	0	0	0	0	0	0	1.046e+05	1.624e+05	0	0	0	0	0	0	0	0	0	0	0	0	0	0	0	0	0	0	0	0	0	0	0	
25200.7	482.7000001	1.035e+19	0	0	100000	2	0	0	0	0	0	0	0	0	0	0	0	0	0	0	0	0	0	0	0	0	0	0	0	0	0	0	0	0	0	0	0	0	0	0	0	0	0	0	0	0	0	4.846e+05	0	439.4	0	0	0	0	0	0	0	7.889e+04	0	0	0	0	0	0	0	0	0	0	0	0	0	0	1.046e+05	1.624e+05	0	0	0	0	0	0	0	0	0	0	0	0	0	0	0	0	0	0	0	0	0	0	0	
25200.71	476.6100001	1.0005e+19	0	0	100000	2	0	0	0	0	0	0	0	0	0	0	0	0	0	0	0	0	0	0	0	0	0	0	0	0	0	0	0	0	0	0	0	0	0	0	0	0	0	0	0	0	0	4.846e+05	0	439.4	0	0	0	0	0	0	0	7.889e+04	0	0	0	0	0	0	0	0	0	0	0	0	0	0	1.046e+05	1.625e+05	0	0	0	0	0	0	0	0	0	0	0	0	0	0	0	0	0	0	0	0	0	0	0	
25200.72	470.5200001	9.660000004e+18	0	0	100000	2	0	0	0	0	0	0	0	0	0	0	0	0	0	0	0	0	0	0	0	0	0	0	0	0	0	0	0	0	0	0	0	0	0	0	0	0	0	0	0	0	0	4.846e+05	0	439.4	0	0	0	0	0	0	0	7.889e+04	0	0	0	0	0	0	0	0	0	0	0	0	0	0	1.046e+05	1.625e+05	0	0	0	0	0	0	0	0	0	0	0	0	0	0	0	0	0	0	0	0	0	0	0	
25200.73	464.4300001	9.315000004e+18	0	0	100000	2	0	0	0	0	0	0	0	0	0	0	0	0	0	0	0	0	0	0	0	0	0	0	0	0	0	0	0	0	0	0	0	0	0	0	0	0	0	0	0	0	0	4.846e+05	0	439.4	0	0	0	0	0	0	0	7.889e+04	0	0	0	0	0	0	0	0	0	0	0	0	0	0	1.046e+05	1.625e+05	0	0	0	0	0	0	0	0	0	0	0	0	0	0	0	0	0	0	0	0	0	0	0	
25200.74	458.3400001	8.970000004e+18	0	0	100000	2	0	0	0	0	0	0	0	0	0	0	0	0	0	0	0	0	0	0	0	0	0	0	0	0	0	0	0	0	0	0	0	0	0	0	0	0	0	0	0	0	0	4.846e+05	0	439.4	0	0	0	0	0	0	0	7.889e+04	0	0	0	0	0	0	0	0	0	0	0	0	0	0	1.046e+05	1.625e+05	0	0	0	0	0	0	0	0	0	0	0	0	0	0	0	0	0	0	0	0	0	0	0	
25200.75	452.2500001	8.625000004e+18	0	0	100000	2	0	0	0	0	0	0	0	0	0	0	0	0	0	0	0	0	0	0	0	0	0	0	0	0	0	0	0	0	0	0	0	0	0	0	0	0	0	0	0	0	0	4.846e+05	0	439.4	0	0	0	0	0	0	0	7.889e+04	0	0	0	0	0	0	0	0	0	0	0	0	0	0	1.046e+05	1.625e+05	0	0	0	0	0	0	0	0	0	0	0	0	0	0	0	0	0	0	0	0	0	0	0	
25200.76	446.1600001	8.280000004e+18	0	0	100000	2	0	0	0	0	0	0	0	0	0	0	0	0	0	0	0	0	0	0	0	0	0	0	0	0	0	0	0	0	0	0	0	0	0	0	0	0	0	0	0	0	0	4.846e+05	0	439.4	0	0	0	0	0	0	0	7.889e+04	0	0	0	0	0	0	0	0	0	0	0	0	0	0	1.046e+05	1.625e+05	0	0	0	0	0	0	0	0	0	0	0	0	0	0	0	0	0	0	0	0	0	0	0	
25200.77	440.0700001	7.935000004e+18	0	0	100000	2	0	0	0	0	0	0	0	0	0	0	0	0	0	0	0	0	0	0	0	0	0	0	0	0	0	0	0	0	0	0	0	0	0	0	0	0	0	0	0	0	0	4.846e+05	0	439.4	0	0	0	0	0	0	0	7.889e+04	0	0	0	0	0	0	0	0	0	0	0	0	0	0	1.046e+05	1.625e+05	0	0	0	0	0	0	0	0	0	0	0	0	0	0	0	0	0	0	0	0	0	0	0	
25200.78	433.9800001	7.590000004e+18	0	0	100000	2	0	0	0	0	0	0	0	0	0	0	0	0	0	0	0	0	0	0	0	0	0	0	0	0	0	0	0	0	0	0	0	0	0	0	0	0	0	0	0	0	0	4.846e+05	0	439.4	0	0	0	0	0	0	0	7.889e+04	0	0	0	0	0	0	0	0	0	0	0	0	0	0	1.046e+05	1.625e+05	0	0	0	0	0	0	0	0	0	0	0	0	0	0	0	0	0	0	0	0	0	0	0	
25200.79	427.8900001	7.245000004e+18	0	0	100000	2	0	0	0	0	0	0	0	0	0	0	0	0	0	0	0	0	0	0	0	0	0	0	0	0	0	0	0	0	0	0	0	0	0	0	0	0	0	0	0	0	0	4.846e+05	0	439.4	0	0	0	0	0	0	0	7.889e+04	0	0	0	0	0	0	0	0	0	0	0	0	0	0	1.046e+05	1.625e+05	0	0	0	0	0	0	0	0	0	0	0	0	0	0	0	0	0	0	0	0	0	0	0	
25200.8	421.8000001	6.900000004e+18	0	0	100000	2	0	0	0	0	0	0	0	0	0	0	0	0	0	0	0	0	0	0	0	0	0	0	0	0	0	0	0	0	0	0	0	0	0	0	0	0	0	0	0	0	0	4.846e+05	0	439.4	0	0	0	0	0	0	0	7.889e+04	0	0	0	0	0	0	0	0	0	0	0	0	0	0	1.046e+05	1.625e+05	0	0	0	0	0	0	0	0	0	0	0	0	0	0	0	0	0	0	0	0	0	0	0	
25200.81	415.7100001	6.555000004e+18	0	0	100000	2	0	0	0	0	0	0	0	0	0	0	0	0	0	0	0	0	0	0	0	0	0	0	0	0	0	0	0	0	0	0	0	0	0	0	0	0	0	0	0	0	0	4.846e+05	0	439.4	0	0	0	0	0	0	0	7.889e+04	0	0	0	0	0	0	0	0	0	0	0	0	0	0	1.046e+05	1.625e+05	0	0	0	0	0	0	0	0	0	0	0	0	0	0	0	0	0	0	0	0	0	0	0	
25200.82	409.6200001	6.210000005e+18	0	0	100000	2	0	0	0	0	0	0	0	0	0	0	0	0	0	0	0	0	0	0	0	0	0	0	0	0	0	0	0	0	0	0	0	0	0	0	0	0	0	0	0	0	0	4.846e+05	0	439.4	0	0	0	0	0	0	0	7.889e+04	0	0	0	0	0	0	0	0	0	0	0	0	0	0	1.046e+05	1.625e+05	0	0	0	0	0	0	0	0	0	0	0	0	0	0	0	0	0	0	0	0	0	0	0	
25200.83	403.5300001	5.865000005e+18	0	0	100000	2	0	0	0	0	0	0	0	0	0	0	0	0	0	0	0	0	0	0	0	0	0	0	0	0	0	0	0	0	0	0	0	0	0	0	0	0	0	0	0	0	0	4.846e+05	0	439.4	0	0	0	0	0	0	0	7.889e+04	0	0	0	0	0	0	0	0	0	0	0	0	0	0	1.046e+05	1.625e+05	0	0	0	0	0	0	0	0	0	0	0	0	0	0	0	0	0	0	0	0	0	0	0	
25200.84	397.4400001	5.520000005e+18	0	0	100000	2	0	0	0	0	0	0	0	0	0	0	0	0	0	0	0	0	0	0	0	0	0	0	0	0	0	0	0	0	0	0	0	0	0	0	0	0	0	0	0	0	0	4.846e+05	0	439.4	0	0	0	0	0	0	0	7.889e+04	0	0	0	0	0	0	0	0	0	0	0	0	0	0	1.046e+05	1.625e+05	0	0	0	0	0	0	0	0	0	0	0	0	0	0	0	0	0	0	0	0	0	0	0	
25200.85	391.3500001	5.175000005e+18	0	0	100000	2	0	0	0	0	0	0	0	0	0	0	0	0	0	0	0	0	0	0	0	0	0	0	0	0	0	0	0	0	0	0	0	0	0	0	0	0	0	0	0	0	0	4.846e+05	0	439.4	0	0	0	0	0	0	0	7.889e+04	0	0	0	0	0	0	0	0	0	0	0	0	0	0	1.046e+05	1.625e+05	0	0	0	0	0	0	0	0	0	0	0	0	0	0	0	0	0	0	0	0	0	0	0	
25200.86	385.2600001	4.830000005e+18	0	0	100000	2	0	0	0	0	0	0	0	0	0	0	0	0	0	0	0	0	0	0	0	0	0	0	0	0	0	0	0	0	0	0	0	0	0	0	0	0	0	0	0	0	0	4.846e+05	0	439.4	0	0	0	0	0	0	0	7.889e+04	0	0	0	0	0	0	0	0	0	0	0	0	0	0	1.046e+05	1.625e+05	0	0	0	0	0	0	0	0	0	0	0	0	0	0	0	0	0	0	0	0	0	0	0	
25200.87	379.1700001	4.485000005e+18	0	0	100000	2	0	0	0	0	0	0	0	0	0	0	0	0	0	0	0	0	0	0	0	0	0	0	0	0	0	0	0	0	0	0	0	0	0	0	0	0	0	0	0	0	0	4.846e+05	0	439.4	0	0	0	0	0	0	0	7.889e+04	0	0	0	0	0	0	0	0	0	0	0	0	0	0	1.046e+05	1.625e+05	0	0	0	0	0	0	0	0	0	0	0	0	0	0	0	0	0	0	0	0	0	0	0	
25200.88	373.0800001	4.140000005e+18	0	0	100000	2	0	0	0	0	0	0	0	0	0	0	0	0	0	0	0	0	0	0	0	0	0	0	0	0	0	0	0	0	0	0	0	0	0	0	0	0	0	0	0	0	0	4.846e+05	0	439.4	0	0	0	0	0	0	0	7.889e+04	0	0	0	0	0	0	0	0	0	0	0	0	0	0	1.045e+05	1.625e+05	0	0	0	0	0	0	0	0	0	0	0	0	0	0	0	0	0	0	0	0	0	0	0	
25200.89	366.9900001	3.795000005e+18	0	0	100000	2	0	0	0	0	0	0	0	0	0	0	0	0	0	0	0	0	0	0	0	0	0	0	0	0	0	0	0	0	0	0	0	0	0	0	0	0	0	0	0	0	0	4.846e+05	0	439.4	0	0	0	0	0	0	0	7.889e+04	0	0	0	0	0	0	0	0	0	0	0	0	0	0	1.045e+05	1.625e+05	0	0	0	0	0	0	0	0	0	0	0	0	0	0	0	0	0	0	0	0	0	0	0	
25200.9	360.9000001	3.450000005e+18	0	0	100000	2	0	0	0	0	0	0	0	0	0	0	0	0	0	0	0	0	0	0	0	0	0	0	0	0	0	0	0	0	0	0	0	0	0	0	0	0	0	0	0	0	0	4.846e+05	0	439.4	0	0	0	0	0	0	0	7.889e+04	0	0	0	0	0	0	0	0	0	0	0	0	0	0	1.045e+05	1.625e+05	0	0	0	0	0	0	0	0	0	0	0	0	0	0	0	0	0	0	0	0	0	0	0	
25200.91	354.8100001	3.105000005e+18	0	0	100000	2	0	0	0	0	0	0	0	0	0	0	0	0	0	0	0	0	0	0	0	0	0	0	0	0	0	0	0	0	0	0	0	0	0	0	0	0	0	0	0	0	0	4.846e+05	0	439.4	0	0	0	0	0	0	0	7.889e+04	0	0	0	0	0	0	0	0	0	0	0	0	0	0	1.045e+05	1.625e+05	0	0	0	0	0	0	0	0	0	0	0	0	0	0	0	0	0	0	0	0	0	0	0	
25200.92	348.7200001	2.760000005e+18	0	0	100000	2	0	0	0	0	0	0	0	0	0	0	0	0	0	0	0	0	0	0	0	0	0	0	0	0	0	0	0	0	0	0	0	0	0	0	0	0	0	0	0	0	0	4.846e+05	0	439.4	0	0	0	0	0	0	0	7.889e+04	0	0	0	0	0	0	0	0	0	0	0	0	0	0	1.045e+05	1.625e+05	0	0	0	0	0	0	0	0	0	0	0	0	0	0	0	0	0	0	0	0	0	0	0	
25200.93	342.6300001	2.415000005e+18	0	0	100000	2	0	0	0	0	0	0	0	0	0	0	0	0	0	0	0	0	0	0	0	0	0	0	0	0	0	0	0	0	0	0	0	0	0	0	0	0	0	0	0	0	0	4.846e+05	0	439.4	0	0	0	0	0	0	0	7.889e+04	0	0	0	0	0	0	0	0	0	0	0	0	0	0	1.045e+05	1.625e+05	0	0	0	0	0	0	0	0	0	0	0	0	0	0	0	0	0	0	0	0	0	0	0	
25200.94	336.5400001	2.070000005e+18	0	0	100000	2	0	0	0	0	0	0	0	0	0	0	0	0	0	0	0	0	0	0	0	0	0	0	0	0	0	0	0	0	0	0	0	0	0	0	0	0	0	0	0	0	0	4.846e+05	0	439.4	0	0	0	0	0	0	0	7.889e+04	0	0	0	0	0	0	0	0	0	0	0	0	0	0	1.045e+05	1.625e+05	0	0	0	0	0	0	0	0	0	0	0	0	0	0	0	0	0	0	0	0	0	0	0	
25200.95	330.4500001	1.725000005e+18	0	0	100000	2	0	0	0	0	0	0	0	0	0	0	0	0	0	0	0	0	0	0	0	0	0	0	0	0	0	0	0	0	0	0	0	0	0	0	0	0	0	0	0	0	0	4.846e+05	0	439.4	0	0	0	0	0	0	0	7.889e+04	0	0	0	0	0	0	0	0	0	0	0	0	0	0	1.045e+05	1.625e+05	0	0	0	0	0	0	0	0	0	0	0	0	0	0	0	0	0	0	0	0	0	0	0	
25200.96	324.3600001	1.380000005e+18	0	0	100000	2	0	0	0	0	0	0	0	0	0	0	0	0	0	0	0	0	0	0	0	0	0	0	0	0	0	0	0	0	0	0	0	0	0	0	0	0	0	0	0	0	0	4.846e+05	0	439.4	0	0	0	0	0	0	0	7.889e+04	0	0	0	0	0	0	0	0	0	0	0	0	0	0	1.045e+05	1.625e+05	0	0	0	0	0	0	0	0	0	0	0	0	0	0	0	0	0	0	0	0	0	0	0	
25200.97	318.2700001	1.035000005e+18	0	0	100000	2	0	0	0	0	0	0	0	0	0	0	0	0	0	0	0	0	0	0	0	0	0	0	0	0	0	0	0	0	0	0	0	0	0	0	0	0	0	0	0	0	0	4.846e+05	0	439.4	0	0	0	0	0	0	0	7.889e+04	0	0	0	0	0	0	0	0	0	0	0	0	0	0	1.045e+05	1.625e+05	0	0	0	0	0	0	0	0	0	0	0	0	0	0	0	0	0	0	0	0	0	0	0	
25200.98	312.1800001	6.900000054e+17	0	0	100000	2	0	0	0	0	0	0	0	0	0	0	0	0	0	0	0	0	0	0	0	0	0	0	0	0	0	0	0	0	0	0	0	0	0	0	0	0	0	0	0	0	0	4.846e+05	0	439.4	0	0	0	0	0	0	0	7.889e+04	0	0	0	0	0	0	0	0	0	0	0	0	0	0	1.045e+05	1.625e+05	0	0	0	0	0	0	0	0	0	0	0	0	0	0	0	0	0	0	0	0	0	0	0	
25200.99	306.0900001	3.450000055e+17	0	0	100000	2	0	0	0	0	0	0	0	0	0	0	0	0	0	0	0	0	0	0	0	0	0	0	0	0	0	0	0	0	0	0	0	0	0	0	0	0	0	0	0	0	0	4.846e+05	0	439.4	0	0	0	0	0	0	0	7.889e+04	0	0	0	0	0	0	0	0	0	0	0	0	0	0	1.045e+05	1.625e+05	0	0	0	0	0	0	0	0	0	0	0	0	0	0	0	0	0	0	0	0	0	0	0	
25201	300.0000001	5502926848	0	0	100000	2	0	0	0	0	0	0	0	0	0	0	0	0	0	0	0	0	0	0	0	0	0	0	0	0	0	0	0	0	0	0	0	0	0	0	0	0	0	0	0	0	0	4.846e+05	0	439.4	0	0	0	0	0	0	0	7.889e+04	0	0	0	0	0	0	0	0	0	0	0	0	0	0	1.045e+05	1.625e+05	0	0	0	0	0	0	0	0	0	0	0	0	0	0	0	0	0	0	0	0	0	0	0	
25201	300	0	0	0	100000	2	0	0	0	0	0	0	0	0	0	0	0	0	0	0	0	0	0	0	0	0	0	0	0	0	0	0	0	0	0	0	0	0	0	0	0	0	0	0	0	0	0	4.846e+05	0	439.4	0	0	0	0	0	0	0	7.889e+04	0	0	0	0	0	0	0	0	0	0	0	0	0	0	1.045e+05	1.625e+05	0	0	0	0	0	0	0	0	0	0	0	0	0	0	0	0	0	0	0	0	0	0	0	
