0.0000   980   3.45e+19   0.00e+00   1.00e+05   1.975
25.2252   980   3.45e+19   0.00e+00   1.00e+05   2.000
983.7838   980   3.45e+19   0.00e+00   1.00e+05   2.000
1967.5676   980   3.45e+19   0.00e+00   1.00e+05   2.000
2951.3514   980   3.45e+19   0.00e+00   1.00e+05   2.000
3935.1351   980   3.45e+19   0.00e+00   1.00e+05   2.000
4918.9189   980   3.45e+19   0.00e+00   1.00e+05   2.000
5902.7027   980   3.45e+19   0.00e+00   1.00e+05   2.000
6886.4865   980   3.45e+19   0.00e+00   1.00e+05   2.000
7870.2703   980   3.45e+19   0.00e+00   1.00e+05   2.000
8854.0541   980   3.45e+19   0.00e+00   1.00e+05   2.000
9837.8378   980   3.45e+19   0.00e+00   1.00e+05   2.000
10821.6216   980   3.45e+19   0.00e+00   1.00e+05   2.000
11805.4054   980   3.45e+19   0.00e+00   1.00e+05   2.000
12789.1892   980   3.45e+19   0.00e+00   1.00e+05   2.000
13772.9730   980   3.45e+19   0.00e+00   1.00e+05   2.000
14756.7568   980   3.45e+19   0.00e+00   1.00e+05   2.000
15740.5405   980   3.45e+19   0.00e+00   1.00e+05   2.000
16724.3243   980   3.45e+19   0.00e+00   1.00e+05   2.000
17708.1081   980   3.45e+19   0.00e+00   1.00e+05   2.000
18691.8919   980   3.45e+19   0.00e+00   1.00e+05   2.000
19675.6757   980   3.45e+19   0.00e+00   1.00e+05   2.000
20659.4595   980   3.45e+19   0.00e+00   1.00e+05   2.000
21643.2432   980   3.45e+19   0.00e+00   1.00e+05   2.000
22627.0270   980   3.45e+19   0.00e+00   1.00e+05   2.000
23610.8108   980   3.45e+19   0.00e+00   1.00e+05   2.000
24594.5946   980   3.45e+19   0.00e+00   1.00e+05   2.000
25200.0000   980   3.45e+19   0.00e+00   1.00e+05   2.000
25200.0001   980   0.00e+00   0.00e+00   1.00e+05   2.000
25224.0000   300   0.00e+00   0.00e+00   1.00e+05   2.000
