0.0000   1128   3.45e+19   0.00e+00   1.00e+05   1.975
25.2252   1128   3.45e+19   0.00e+00   1.00e+05   2.000
983.7838   1128   3.45e+19   0.00e+00   1.00e+05   2.000
1967.5676   1128   3.45e+19   0.00e+00   1.00e+05   2.000
2951.3514   1128   3.45e+19   0.00e+00   1.00e+05   2.000
3935.1351   1128   3.45e+19   0.00e+00   1.00e+05   2.000
4918.9189   1128   3.45e+19   0.00e+00   1.00e+05   2.000
5902.7027   1128   3.45e+19   0.00e+00   1.00e+05   2.000
6886.4865   1128   3.45e+19   0.00e+00   1.00e+05   2.000
7870.2703   1128   3.45e+19   0.00e+00   1.00e+05   2.000
8854.0541   1128   3.45e+19   0.00e+00   1.00e+05   2.000
9837.8378   1128   3.45e+19   0.00e+00   1.00e+05   2.000
10821.6216   1128   3.45e+19   0.00e+00   1.00e+05   2.000
11805.4054   1128   3.45e+19   0.00e+00   1.00e+05   2.000
12789.1892   1128   3.45e+19   0.00e+00   1.00e+05   2.000
13772.9730   1128   3.45e+19   0.00e+00   1.00e+05   2.000
14756.7568   1128   3.45e+19   0.00e+00   1.00e+05   2.000
15740.5405   1128   3.45e+19   0.00e+00   1.00e+05   2.000
16724.3243   1128   3.45e+19   0.00e+00   1.00e+05   2.000
17708.1081   1128   3.45e+19   0.00e+00   1.00e+05   2.000
18691.8919   1128   3.45e+19   0.00e+00   1.00e+05   2.000
19675.6757   1128   3.45e+19   0.00e+00   1.00e+05   2.000
20659.4595   1128   3.45e+19   0.00e+00   1.00e+05   2.000
21643.2432   1128   3.45e+19   0.00e+00   1.00e+05   2.000
22627.0270   1128   3.45e+19   0.00e+00   1.00e+05   2.000
23610.8108   1128   3.45e+19   0.00e+00   1.00e+05   2.000
24594.5946   1128   3.45e+19   0.00e+00   1.00e+05   2.000
25200.0000   1128   3.45e+19   0.00e+00   1.00e+05   2.000
25200.0001   1128   0.00e+00   0.00e+00   1.00e+05   2.000
25224.0000   300   0.00e+00   0.00e+00   1.00e+05   2.000
