0.0000   1900   3.45e+19   0.00e+00   1.00e+05   1.975
25.2252   1900   3.45e+19   0.00e+00   1.00e+05   1.907
378.3784   1900   3.45e+19   0.00e+00   1.00e+05   1.907
403.6036   1900   3.45e+19   0.00e+00   1.00e+05   1.908
832.4324   1900   3.45e+19   0.00e+00   1.00e+05   1.908
857.6577   1900   3.45e+19   0.00e+00   1.00e+05   1.909
983.7838   1900   3.45e+19   0.00e+00   1.00e+05   1.909
1261.2613   1900   3.45e+19   0.00e+00   1.00e+05   1.909
1286.4865   1900   3.45e+19   0.00e+00   1.00e+05   1.910
1690.0901   1900   3.45e+19   0.00e+00   1.00e+05   1.910
1715.3153   1900   3.45e+19   0.00e+00   1.00e+05   1.911
1967.5676   1900   3.45e+19   0.00e+00   1.00e+05   1.911
2118.9189   1900   3.45e+19   0.00e+00   1.00e+05   1.911
2144.1441   1900   3.45e+19   0.00e+00   1.00e+05   1.912
2547.7477   1900   3.45e+19   0.00e+00   1.00e+05   1.912
2572.9730   1900   3.45e+19   0.00e+00   1.00e+05   1.913
2951.3514   1900   3.45e+19   0.00e+00   1.00e+05   1.913
2976.5766   1900   3.45e+19   0.00e+00   1.00e+05   1.914
3380.1802   1900   3.45e+19   0.00e+00   1.00e+05   1.914
3405.4054   1900   3.45e+19   0.00e+00   1.00e+05   1.915
3783.7838   1900   3.45e+19   0.00e+00   1.00e+05   1.915
3809.0090   1900   3.45e+19   0.00e+00   1.00e+05   1.916
3935.1351   1900   3.45e+19   0.00e+00   1.00e+05   1.916
4212.6126   1900   3.45e+19   0.00e+00   1.00e+05   1.916
4237.8378   1900   3.45e+19   0.00e+00   1.00e+05   1.917
4616.2162   1900   3.45e+19   0.00e+00   1.00e+05   1.917
4641.4414   1900   3.45e+19   0.00e+00   1.00e+05   1.918
4918.9189   1900   3.45e+19   0.00e+00   1.00e+05   1.918
5019.8198   1900   3.45e+19   0.00e+00   1.00e+05   1.918
5045.0450   1900   3.45e+19   0.00e+00   1.00e+05   1.919
5423.4234   1900   3.45e+19   0.00e+00   1.00e+05   1.919
5448.6486   1900   3.45e+19   0.00e+00   1.00e+05   1.920
5827.0270   1900   3.45e+19   0.00e+00   1.00e+05   1.920
5852.2523   1900   3.45e+19   0.00e+00   1.00e+05   1.921
5902.7027   1900   3.45e+19   0.00e+00   1.00e+05   1.921
6230.6306   1900   3.45e+19   0.00e+00   1.00e+05   1.921
6255.8559   1900   3.45e+19   0.00e+00   1.00e+05   1.922
6634.2342   1900   3.45e+19   0.00e+00   1.00e+05   1.922
6659.4595   1900   3.45e+19   0.00e+00   1.00e+05   1.923
6886.4865   1900   3.45e+19   0.00e+00   1.00e+05   1.923
7012.6126   1900   3.45e+19   0.00e+00   1.00e+05   1.923
7037.8378   1900   3.45e+19   0.00e+00   1.00e+05   1.924
7416.2162   1900   3.45e+19   0.00e+00   1.00e+05   1.924
7441.4414   1900   3.45e+19   0.00e+00   1.00e+05   1.925
7794.5946   1900   3.45e+19   0.00e+00   1.00e+05   1.925
7819.8198   1900   3.45e+19   0.00e+00   1.00e+05   1.926
7870.2703   1900   3.45e+19   0.00e+00   1.00e+05   1.926
8198.1982   1900   3.45e+19   0.00e+00   1.00e+05   1.926
8223.4234   1900   3.45e+19   0.00e+00   1.00e+05   1.927
8576.5766   1900   3.45e+19   0.00e+00   1.00e+05   1.927
8601.8018   1900   3.45e+19   0.00e+00   1.00e+05   1.928
8854.0541   1900   3.45e+19   0.00e+00   1.00e+05   1.928
8980.1802   1900   3.45e+19   0.00e+00   1.00e+05   1.928
9005.4054   1900   3.45e+19   0.00e+00   1.00e+05   1.929
9358.5586   1900   3.45e+19   0.00e+00   1.00e+05   1.929
9383.7838   1900   3.45e+19   0.00e+00   1.00e+05   1.930
9736.9369   1900   3.45e+19   0.00e+00   1.00e+05   1.930
9762.1622   1900   3.45e+19   0.00e+00   1.00e+05   1.931
9837.8378   1900   3.45e+19   0.00e+00   1.00e+05   1.931
10115.3153   1900   3.45e+19   0.00e+00   1.00e+05   1.931
10140.5405   1900   3.45e+19   0.00e+00   1.00e+05   1.932
10493.6937   1900   3.45e+19   0.00e+00   1.00e+05   1.932
10518.9189   1900   3.45e+19   0.00e+00   1.00e+05   1.933
10821.6216   1900   3.45e+19   0.00e+00   1.00e+05   1.933
10872.0721   1900   3.45e+19   0.00e+00   1.00e+05   1.933
10897.2973   1900   3.45e+19   0.00e+00   1.00e+05   1.934
11250.4505   1900   3.45e+19   0.00e+00   1.00e+05   1.934
11275.6757   1900   3.45e+19   0.00e+00   1.00e+05   1.935
11628.8288   1900   3.45e+19   0.00e+00   1.00e+05   1.935
11654.0541   1900   3.45e+19   0.00e+00   1.00e+05   1.936
11805.4054   1900   3.45e+19   0.00e+00   1.00e+05   1.936
12007.2072   1900   3.45e+19   0.00e+00   1.00e+05   1.936
12032.4324   1900   3.45e+19   0.00e+00   1.00e+05   1.937
12385.5856   1900   3.45e+19   0.00e+00   1.00e+05   1.937
12410.8108   1900   3.45e+19   0.00e+00   1.00e+05   1.938
12738.7387   1900   3.45e+19   0.00e+00   1.00e+05   1.938
12763.9640   1900   3.45e+19   0.00e+00   1.00e+05   1.939
12789.1892   1900   3.45e+19   0.00e+00   1.00e+05   1.939
13117.1171   1900   3.45e+19   0.00e+00   1.00e+05   1.939
13142.3423   1900   3.45e+19   0.00e+00   1.00e+05   1.940
13495.4955   1900   3.45e+19   0.00e+00   1.00e+05   1.940
13520.7207   1900   3.45e+19   0.00e+00   1.00e+05   1.941
13772.9730   1900   3.45e+19   0.00e+00   1.00e+05   1.941
13848.6486   1900   3.45e+19   0.00e+00   1.00e+05   1.941
13873.8739   1900   3.45e+19   0.00e+00   1.00e+05   1.942
14227.0270   1900   3.45e+19   0.00e+00   1.00e+05   1.942
14252.2523   1900   3.45e+19   0.00e+00   1.00e+05   1.943
14580.1802   1900   3.45e+19   0.00e+00   1.00e+05   1.943
14605.4054   1900   3.45e+19   0.00e+00   1.00e+05   1.944
14756.7568   1900   3.45e+19   0.00e+00   1.00e+05   1.944
14958.5586   1900   3.45e+19   0.00e+00   1.00e+05   1.944
14983.7838   1900   3.45e+19   0.00e+00   1.00e+05   1.945
15311.7117   1900   3.45e+19   0.00e+00   1.00e+05   1.945
15336.9369   1900   3.45e+19   0.00e+00   1.00e+05   1.946
15690.0901   1900   3.45e+19   0.00e+00   1.00e+05   1.946
15715.3153   1900   3.45e+19   0.00e+00   1.00e+05   1.947
15740.5405   1900   3.45e+19   0.00e+00   1.00e+05   1.947
16043.2432   1900   3.45e+19   0.00e+00   1.00e+05   1.947
16068.4685   1900   3.45e+19   0.00e+00   1.00e+05   1.948
16396.3964   1900   3.45e+19   0.00e+00   1.00e+05   1.948
16421.6216   1900   3.45e+19   0.00e+00   1.00e+05   1.949
16724.3243   1900   3.45e+19   0.00e+00   1.00e+05   1.949
16749.5495   1900   3.45e+19   0.00e+00   1.00e+05   1.949
16774.7748   1900   3.45e+19   0.00e+00   1.00e+05   1.950
17102.7027   1900   3.45e+19   0.00e+00   1.00e+05   1.950
17127.9279   1900   3.45e+19   0.00e+00   1.00e+05   1.951
17481.0811   1900   3.45e+19   0.00e+00   1.00e+05   1.951
17506.3063   1900   3.45e+19   0.00e+00   1.00e+05   1.952
17708.1081   1900   3.45e+19   0.00e+00   1.00e+05   1.952
17834.2342   1900   3.45e+19   0.00e+00   1.00e+05   1.952
17859.4595   1900   3.45e+19   0.00e+00   1.00e+05   1.953
18187.3874   1900   3.45e+19   0.00e+00   1.00e+05   1.953
18212.6126   1900   3.45e+19   0.00e+00   1.00e+05   1.954
18540.5405   1900   3.45e+19   0.00e+00   1.00e+05   1.954
18565.7658   1900   3.45e+19   0.00e+00   1.00e+05   1.955
18691.8919   1900   3.45e+19   0.00e+00   1.00e+05   1.955
18893.6937   1900   3.45e+19   0.00e+00   1.00e+05   1.955
18918.9189   1900   3.45e+19   0.00e+00   1.00e+05   1.956
19246.8468   1900   3.45e+19   0.00e+00   1.00e+05   1.956
19272.0721   1900   3.45e+19   0.00e+00   1.00e+05   1.957
19600.0000   1900   3.45e+19   0.00e+00   1.00e+05   1.957
19625.2252   1900   3.45e+19   0.00e+00   1.00e+05   1.958
19675.6757   1900   3.45e+19   0.00e+00   1.00e+05   1.958
19927.9279   1900   3.45e+19   0.00e+00   1.00e+05   1.958
19953.1532   1900   3.45e+19   0.00e+00   1.00e+05   1.959
20281.0811   1900   3.45e+19   0.00e+00   1.00e+05   1.959
20306.3063   1900   3.45e+19   0.00e+00   1.00e+05   1.960
20634.2342   1900   3.45e+19   0.00e+00   1.00e+05   1.960
20659.4595   1900   3.45e+19   0.00e+00   1.00e+05   1.961
20987.3874   1900   3.45e+19   0.00e+00   1.00e+05   1.961
21012.6126   1900   3.45e+19   0.00e+00   1.00e+05   1.962
21315.3153   1900   3.45e+19   0.00e+00   1.00e+05   1.962
21340.5405   1900   3.45e+19   0.00e+00   1.00e+05   1.963
21643.2432   1900   3.45e+19   0.00e+00   1.00e+05   1.963
21668.4685   1900   3.45e+19   0.00e+00   1.00e+05   1.963
21693.6937   1900   3.45e+19   0.00e+00   1.00e+05   1.964
22021.6216   1900   3.45e+19   0.00e+00   1.00e+05   1.964
22046.8468   1900   3.45e+19   0.00e+00   1.00e+05   1.965
22374.7748   1900   3.45e+19   0.00e+00   1.00e+05   1.965
22400.0000   1900   3.45e+19   0.00e+00   1.00e+05   1.966
22627.0270   1900   3.45e+19   0.00e+00   1.00e+05   1.966
22702.7027   1900   3.45e+19   0.00e+00   1.00e+05   1.966
22727.9279   1900   3.45e+19   0.00e+00   1.00e+05   1.967
23055.8559   1900   3.45e+19   0.00e+00   1.00e+05   1.967
23081.0811   1900   3.45e+19   0.00e+00   1.00e+05   1.968
23383.7838   1900   3.45e+19   0.00e+00   1.00e+05   1.968
23409.0090   1900   3.45e+19   0.00e+00   1.00e+05   1.969
23610.8108   1900   3.45e+19   0.00e+00   1.00e+05   1.969
23736.9369   1900   3.45e+19   0.00e+00   1.00e+05   1.969
23762.1622   1900   3.45e+19   0.00e+00   1.00e+05   1.970
24064.8649   1900   3.45e+19   0.00e+00   1.00e+05   1.970
24090.0901   1900   3.45e+19   0.00e+00   1.00e+05   1.971
24418.0180   1900   3.45e+19   0.00e+00   1.00e+05   1.971
24443.2432   1900   3.45e+19   0.00e+00   1.00e+05   1.972
24594.5946   1900   3.45e+19   0.00e+00   1.00e+05   1.972
24771.1712   1900   3.45e+19   0.00e+00   1.00e+05   1.972
24796.3964   1900   3.45e+19   0.00e+00   1.00e+05   1.973
25099.0991   1900   3.45e+19   0.00e+00   1.00e+05   1.973
25124.3243   1900   3.45e+19   0.00e+00   1.00e+05   1.974
25200.0000   1900   3.45e+19   0.00e+00   1.00e+05   1.974
25200.0001   1900   0.00e+00   0.00e+00   1.00e+05   1.974
25224.0000   300   0.00e+00   0.00e+00   1.00e+05   1.974
