iGrainGrowth = 1
iFissionProductDiffusivity = 1
iDiffusionSolver = 1
iIntraGranularBubbleBehavior = 1
iResolutionRate = 1
iTrappingRate = 1
iNucleationRate = 1
iOutput = 1
iGrainBoundaryVacancyDiffusivity = 2
iGrainBoundaryBehaviour = 1
iGrainBoundaryMicroCracking = 2
iFuelMatrix = 2
iGrainBoundaryVenting = 3
iRadioactiveFissionGas = 0
iHelium = 0
iHeDiffusivity = 0
iGrainBoundarySweeping = 0
iHighBurnupStructureFormation = 0
iHighBurnupStructurePorosity = 0
iHeliumProductionRate = 0
iStoichiometryDeviation = 9
iBubbleDiffusivity = 0
iChromiumSolubility = 0
iDensification = 0
iReleaseMode = 2
iThermochimica = 2
Grain radius[0] = 1e-05
Initial composition Xe0 = 0
Initial composition Xe1 = 0
Initial composition Xe2 = 0
Initial composition Xe3 = 0
Initial composition Xe4 = 0
Initial composition Xe5 = 0
Initial composition Kr0 = 0
Initial composition Kr1 = 0
Initial composition Kr2 = 0
Initial composition Kr3 = 0
Initial composition Kr4 = 0
Initial composition Kr5 = 0
Initial composition He0 = 0
Initial composition He1 = 0
Initial composition He2 = 0
Initial composition He3 = 0
Initial composition He4 = 0
Initial composition He5 = 0
Initial intragranular bubbles0 = 0
Initial intragranular bubbles1 = 0
Burn_up[0] = 0
Effective_burn_up[0] = 0
Irradiation_time[0] = 0
Fuel_density[0] = 10569.8
Initial composition U0 = 0
Initial composition U1 = 0.6
Initial composition U2 = 0
Initial composition U3 = 0
Initial composition U4 = 99.4
Initial composition Xe1330 = 0
Initial composition Xe1331 = 0
Initial composition Xe1332 = 0
Initial composition Xe1333 = 0
Initial composition Xe1334 = 0
Initial composition Xe1335 = 0
Initial composition Xe1336 = 0
Initial composition Kr85m0 = 0
Initial composition Kr85m1 = 0
Initial composition Kr85m2 = 0
Initial composition Kr85m3 = 0
Initial composition Kr85m4 = 0
Initial composition Kr85m5 = 0
Initial composition Kr85m6 = 0
Initial stoichiometry deviation[0] = -0.025
Chromium content = 0
Initial composition Pu0 = 1.3
Initial composition Pu1 = 60.4
Initial composition Pu2 = 23.4
Initial composition Pu3 = 10.4
Initial composition Pu4 = 4.5
q = 0.22
0	2003	3.45e+19	0	100000	1.975	
25.2252	2003	3.45e+19	0	107000	1.935	
378.378	2003	3.45e+19	0	204000	1.935	
403.604	2003	3.45e+19	0	211000	1.936	
832.432	2003	3.45e+19	0	328000	1.936	
857.658	2003	3.45e+19	0	335000	1.937	
983.784	2003	3.45e+19	0	369000	1.937	
1286.49	2003	3.45e+19	0	452000	1.937	
1311.71	2003	3.45e+19	0	459000	1.938	
1740.54	2003	3.45e+19	0	577000	1.938	
1765.77	2003	3.45e+19	0	583000	1.939	
1967.57	2003	3.45e+19	0	639000	1.939	
2169.37	2003	3.45e+19	0	694000	1.939	
2194.59	2003	3.45e+19	0	701000	1.94	
2623.42	2003	3.45e+19	0	818000	1.94	
2648.65	2003	3.45e+19	0	825000	1.941	
2951.35	2003	3.45e+19	0	908000	1.941	
3052.25	2003	3.45e+19	0	936000	1.941	
3077.48	2003	3.45e+19	0	943000	1.942	
3506.31	2003	3.45e+19	0	1.06e+06	1.942	
3531.53	2003	3.45e+19	0	1.07e+06	1.943	
3935.14	2003	3.45e+19	0	1.18e+06	1.943	
3960.36	2003	3.45e+19	0	1.18e+06	1.944	
4389.19	2003	3.45e+19	0	1.3e+06	1.944	
4414.41	2003	3.45e+19	0	1.31e+06	1.945	
4818.02	2003	3.45e+19	0	1.42e+06	1.945	
4843.24	2003	3.45e+19	0	1.43e+06	1.946	
4918.92	2003	3.45e+19	0	1.45e+06	1.946	
5246.85	2003	3.45e+19	0	1.54e+06	1.946	
5272.07	2003	3.45e+19	0	1.54e+06	1.947	
5675.68	2003	3.45e+19	0	1.65e+06	1.947	
5700.9	2003	3.45e+19	0	1.66e+06	1.948	
5902.7	2003	3.45e+19	0	1.72e+06	1.948	
6104.5	2003	3.45e+19	0	1.77e+06	1.948	
6129.73	2003	3.45e+19	0	1.78e+06	1.949	
6533.33	2003	3.45e+19	0	1.89e+06	1.949	
6558.56	2003	3.45e+19	0	1.9e+06	1.95	
6886.49	2003	3.45e+19	0	1.99e+06	1.95	
6962.16	2003	3.45e+19	0	2.01e+06	1.95	
6987.39	2003	3.45e+19	0	2.01e+06	1.951	
7390.99	2003	3.45e+19	0	2.12e+06	1.951	
7416.22	2003	3.45e+19	0	2.13e+06	1.952	
7819.82	2003	3.45e+19	0	2.24e+06	1.952	
7845.05	2003	3.45e+19	0	2.25e+06	1.953	
7870.27	2003	3.45e+19	0	2.25e+06	1.953	
8248.65	2003	3.45e+19	0	2.36e+06	1.953	
8273.87	2003	3.45e+19	0	2.37e+06	1.954	
8677.48	2003	3.45e+19	0	2.48e+06	1.954	
8702.7	2003	3.45e+19	0	2.48e+06	1.955	
8854.05	2003	3.45e+19	0	2.52e+06	1.955	
9081.08	2003	3.45e+19	0	2.59e+06	1.955	
9106.31	2003	3.45e+19	0	2.59e+06	1.956	
9509.91	2003	3.45e+19	0	2.7e+06	1.956	
9535.14	2003	3.45e+19	0	2.71e+06	1.957	
9837.84	2003	3.45e+19	0	2.79e+06	1.957	
9913.51	2003	3.45e+19	0	2.81e+06	1.957	
9938.74	2003	3.45e+19	0	2.82e+06	1.958	
10342.3	2003	3.45e+19	0	2.93e+06	1.958	
10367.6	2003	3.45e+19	0	2.94e+06	1.959	
10745.9	2003	3.45e+19	0	3.04e+06	1.959	
10771.2	2003	3.45e+19	0	3.05e+06	1.96	
10821.6	2003	3.45e+19	0	3.06e+06	1.96	
11174.8	2003	3.45e+19	0	3.16e+06	1.96	
11200	2003	3.45e+19	0	3.17e+06	1.961	
11578.4	2003	3.45e+19	0	3.27e+06	1.961	
11603.6	2003	3.45e+19	0	3.28e+06	1.962	
11805.4	2003	3.45e+19	0	3.33e+06	1.962	
12007.2	2003	3.45e+19	0	3.39e+06	1.962	
12032.4	2003	3.45e+19	0	3.39e+06	1.963	
12410.8	2003	3.45e+19	0	3.5e+06	1.963	
12436	2003	3.45e+19	0	3.51e+06	1.964	
12789.2	2003	3.45e+19	0	3.6e+06	1.964	
12814.4	2003	3.45e+19	0	3.61e+06	1.964	
12839.6	2003	3.45e+19	0	3.62e+06	1.965	
13218	2003	3.45e+19	0	3.72e+06	1.965	
13243.2	2003	3.45e+19	0	3.73e+06	1.966	
13646.8	2003	3.45e+19	0	3.84e+06	1.966	
13672.1	2003	3.45e+19	0	3.84e+06	1.967	
13773	2003	3.45e+19	0	3.87e+06	1.967	
14050.5	2003	3.45e+19	0	3.95e+06	1.967	
14075.7	2003	3.45e+19	0	3.95e+06	1.968	
14454.1	2003	3.45e+19	0	4.06e+06	1.968	
14479.3	2003	3.45e+19	0	4.06e+06	1.969	
14756.8	2003	3.45e+19	0	4.14e+06	1.969	
14857.7	2003	3.45e+19	0	4.17e+06	1.969	
14882.9	2003	3.45e+19	0	4.18e+06	1.97	
15286.5	2003	3.45e+19	0	4.29e+06	1.97	
15311.7	2003	3.45e+19	0	4.29e+06	1.971	
15690.1	2003	3.45e+19	0	4.4e+06	1.971	
15715.3	2003	3.45e+19	0	4.4e+06	1.972	
15740.5	2003	3.45e+19	0	4.41e+06	1.972	
16093.7	2003	3.45e+19	0	4.51e+06	1.972	
16118.9	2003	3.45e+19	0	4.51e+06	1.973	
16497.3	2003	3.45e+19	0	4.62e+06	1.973	
16522.5	2003	3.45e+19	0	4.62e+06	1.974	
16724.3	2003	3.45e+19	0	4.68e+06	1.974	
16926.1	2003	3.45e+19	0	4.73e+06	1.974	
16951.4	2003	3.45e+19	0	4.74e+06	1.975	
17329.7	2003	3.45e+19	0	4.85e+06	1.975	
17355	2003	3.45e+19	0	4.85e+06	1.976	
17708.1	2003	3.45e+19	0	4.95e+06	1.976	
17733.3	2003	3.45e+19	0	4.96e+06	1.976	
17758.6	2003	3.45e+19	0	4.96e+06	1.977	
18162.2	2003	3.45e+19	0	5.07e+06	1.977	
18187.4	2003	3.45e+19	0	5.08e+06	1.978	
18565.8	2003	3.45e+19	0	5.18e+06	1.978	
18591	2003	3.45e+19	0	5.19e+06	1.979	
18691.9	2003	3.45e+19	0	5.22e+06	1.979	
18994.6	2003	3.45e+19	0	5.3e+06	1.979	
19019.8	2003	3.45e+19	0	5.31e+06	1.98	
19398.2	2003	3.45e+19	0	5.41e+06	1.98	
19423.4	2003	3.45e+19	0	5.42e+06	1.981	
19675.7	2003	3.45e+19	0	5.49e+06	1.981	
19827	2003	3.45e+19	0	5.53e+06	1.981	
19852.3	2003	3.45e+19	0	5.54e+06	1.982	
20255.9	2003	3.45e+19	0	5.65e+06	1.982	
20281.1	2003	3.45e+19	0	5.65e+06	1.983	
20659.5	2003	3.45e+19	0	5.76e+06	1.983	
20684.7	2003	3.45e+19	0	5.76e+06	1.983	
20709.9	2003	3.45e+19	0	5.77e+06	1.984	
21138.7	2003	3.45e+19	0	5.89e+06	1.984	
21164	2003	3.45e+19	0	5.89e+06	1.985	
21567.6	2003	3.45e+19	0	6.01e+06	1.985	
21592.8	2003	3.45e+19	0	6.01e+06	1.986	
21643.2	2003	3.45e+19	0	6.03e+06	1.986	
22021.6	2003	3.45e+19	0	6.13e+06	1.986	
22046.8	2003	3.45e+19	0	6.14e+06	1.987	
22475.7	2003	3.45e+19	0	6.25e+06	1.987	
22500.9	2003	3.45e+19	0	6.26e+06	1.988	
22627	2003	3.45e+19	0	6.3e+06	1.988	
22955	2003	3.45e+19	0	6.39e+06	1.988	
22980.2	2003	3.45e+19	0	6.39e+06	1.989	
23434.2	2003	3.45e+19	0	6.52e+06	1.989	
23459.5	2003	3.45e+19	0	6.52e+06	1.99	
23610.8	2003	3.45e+19	0	6.56e+06	1.99	
23913.5	2003	3.45e+19	0	6.65e+06	1.99	
23938.7	2003	3.45e+19	0	6.65e+06	1.991	
24418	2003	3.45e+19	0	6.79e+06	1.991	
24443.2	2003	3.45e+19	0	6.79e+06	1.992	
24594.6	2003	3.45e+19	0	6.83e+06	1.992	
24922.5	2003	3.45e+19	0	6.92e+06	1.992	
24947.7	2003	3.45e+19	0	6.93e+06	1.993	
25200	2003	3.45e+19	0	7e+06	1.993	
25200	2003	0	0	7e+06	1.993	
25224	300	0	0	7e+06	1.993	
sf_resolution_rate = 1
sf_trapping_rate = 1
sf_nucleation_rate = 1
sf_diffusivity = 1
sf_temperature = 1
sf_fission_rate = 1
sf_diffusion_based_release = 1
sf_helium_production_rate = 1
sf_grain_boundary_energy = 1.4
sf_fabricated_porosity = 0.8
sf_cs_production = 0.168842
