0.0000   2.000000e+03   3.450000e+19   0.000000e+00   1.000000e+05   1.975000e+00
2800.0000   2.000000e+03   3.450000e+19   0.000000e+00   8.666667e+05   1.935197e+00
5600.0000   2.000000e+03   3.450000e+19   0.000000e+00   1.633333e+06   1.937859e+00
8400.0000   2.000000e+03   3.450000e+19   0.000000e+00   2.400000e+06   1.940492e+00
11200.0000   2.000000e+03   3.450000e+19   0.000000e+00   3.166667e+06   1.943091e+00
14000.0000   2.000000e+03   3.450000e+19   0.000000e+00   3.933333e+06   1.945656e+00
16800.0000   2.000000e+03   3.450000e+19   0.000000e+00   4.700000e+06   1.948191e+00
19600.0000   2.000000e+03   3.450000e+19   0.000000e+00   5.466667e+06   1.950715e+00
22400.0000   2.000000e+03   3.450000e+19   0.000000e+00   6.233333e+06   1.953264e+00
25200.0000   2.000000e+03   3.450000e+19   0.000000e+00   7.000000e+06   1.955910e+00
