iGrainGrowth = 1
iFissionProductDiffusivity = 1
iDiffusionSolver = 1
iIntraGranularBubbleBehavior = 1
iResolutionRate = 1
iTrappingRate = 1
iNucleationRate = 1
iOutput = 1
iGrainBoundaryVacancyDiffusivity = 2
iGrainBoundaryBehaviour = 1
iGrainBoundaryMicroCracking = 2
iFuelMatrix = 2
iGrainBoundaryVenting = 3
iRadioactiveFissionGas = 0
iHelium = 0
iHeDiffusivity = 0
iGrainBoundarySweeping = 0
iHighBurnupStructureFormation = 0
iHighBurnupStructurePorosity = 0
iHeliumProductionRate = 0
iStoichiometryDeviation = 9
iBubbleDiffusivity = 0
iChromiumSolubility = 0
iDensification = 0
iReleaseMode = 2
iThermochimica = 2
Grain radius[0] = 1e-05
Initial composition Xe0 = 0
Initial composition Xe1 = 0
Initial composition Xe2 = 0
Initial composition Xe3 = 0
Initial composition Xe4 = 0
Initial composition Xe5 = 0
Initial composition Kr0 = 0
Initial composition Kr1 = 0
Initial composition Kr2 = 0
Initial composition Kr3 = 0
Initial composition Kr4 = 0
Initial composition Kr5 = 0
Initial composition He0 = 0
Initial composition He1 = 0
Initial composition He2 = 0
Initial composition He3 = 0
Initial composition He4 = 0
Initial composition He5 = 0
Initial intragranular bubbles0 = 0
Initial intragranular bubbles1 = 0
Burn_up[0] = 0
Effective_burn_up[0] = 0
Irradiation_time[0] = 0
Fuel_density[0] = 10569.8
Initial composition U0 = 0
Initial composition U1 = 0.6
Initial composition U2 = 0
Initial composition U3 = 0
Initial composition U4 = 99.4
Initial composition Xe1330 = 0
Initial composition Xe1331 = 0
Initial composition Xe1332 = 0
Initial composition Xe1333 = 0
Initial composition Xe1334 = 0
Initial composition Xe1335 = 0
Initial composition Xe1336 = 0
Initial composition Kr85m0 = 0
Initial composition Kr85m1 = 0
Initial composition Kr85m2 = 0
Initial composition Kr85m3 = 0
Initial composition Kr85m4 = 0
Initial composition Kr85m5 = 0
Initial composition Kr85m6 = 0
Initial stoichiometry deviation[0] = -0.025
Chromium content = 0
Initial composition Pu0 = 1.3
Initial composition Pu1 = 60.4
Initial composition Pu2 = 23.4
Initial composition Pu3 = 10.4
Initial composition Pu4 = 4.5
q = 0.22
0	2178	3.45e+19	0	100000	1.975	
25.2252	2178	3.45e+19	0	107000	1.931	
403.604	2178	3.45e+19	0	211000	1.931	
428.829	2178	3.45e+19	0	217000	1.932	
908.108	2178	3.45e+19	0	349000	1.932	
933.333	2178	3.45e+19	0	356000	1.933	
983.784	2178	3.45e+19	0	369000	1.933	
1437.84	2178	3.45e+19	0	494000	1.933	
1463.06	2178	3.45e+19	0	501000	1.934	
1942.34	2178	3.45e+19	0	632000	1.934	
1967.57	2178	3.45e+19	0	639000	1.935	
2446.85	2178	3.45e+19	0	770000	1.935	
2472.07	2178	3.45e+19	0	777000	1.936	
2951.35	2178	3.45e+19	0	908000	1.936	
2976.58	2178	3.45e+19	0	915000	1.936	
3001.8	2178	3.45e+19	0	922000	1.937	
3481.08	2178	3.45e+19	0	1.05e+06	1.937	
3506.31	2178	3.45e+19	0	1.06e+06	1.938	
3935.14	2178	3.45e+19	0	1.18e+06	1.938	
3985.59	2178	3.45e+19	0	1.19e+06	1.938	
4010.81	2178	3.45e+19	0	1.2e+06	1.939	
4515.32	2178	3.45e+19	0	1.34e+06	1.939	
4540.54	2178	3.45e+19	0	1.34e+06	1.94	
4918.92	2178	3.45e+19	0	1.45e+06	1.94	
5019.82	2178	3.45e+19	0	1.47e+06	1.94	
5045.05	2178	3.45e+19	0	1.48e+06	1.941	
5524.32	2178	3.45e+19	0	1.61e+06	1.941	
5549.55	2178	3.45e+19	0	1.62e+06	1.942	
5902.7	2178	3.45e+19	0	1.72e+06	1.942	
6028.83	2178	3.45e+19	0	1.75e+06	1.942	
6054.05	2178	3.45e+19	0	1.76e+06	1.943	
6558.56	2178	3.45e+19	0	1.9e+06	1.943	
6583.78	2178	3.45e+19	0	1.9e+06	1.944	
6886.49	2178	3.45e+19	0	1.99e+06	1.944	
7063.06	2178	3.45e+19	0	2.03e+06	1.944	
7088.29	2178	3.45e+19	0	2.04e+06	1.945	
7567.57	2178	3.45e+19	0	2.17e+06	1.945	
7592.79	2178	3.45e+19	0	2.18e+06	1.946	
7870.27	2178	3.45e+19	0	2.25e+06	1.946	
8072.07	2178	3.45e+19	0	2.31e+06	1.946	
8097.3	2178	3.45e+19	0	2.32e+06	1.947	
8601.8	2178	3.45e+19	0	2.46e+06	1.947	
8627.03	2178	3.45e+19	0	2.46e+06	1.948	
8854.05	2178	3.45e+19	0	2.52e+06	1.948	
9106.31	2178	3.45e+19	0	2.59e+06	1.948	
9131.53	2178	3.45e+19	0	2.6e+06	1.949	
9610.81	2178	3.45e+19	0	2.73e+06	1.949	
9636.04	2178	3.45e+19	0	2.74e+06	1.95	
9837.84	2178	3.45e+19	0	2.79e+06	1.95	
10115.3	2178	3.45e+19	0	2.87e+06	1.95	
10140.5	2178	3.45e+19	0	2.88e+06	1.951	
10619.8	2178	3.45e+19	0	3.01e+06	1.951	
10645	2178	3.45e+19	0	3.01e+06	1.952	
10821.6	2178	3.45e+19	0	3.06e+06	1.952	
11124.3	2178	3.45e+19	0	3.15e+06	1.952	
11149.5	2178	3.45e+19	0	3.15e+06	1.953	
11628.8	2178	3.45e+19	0	3.28e+06	1.953	
11654.1	2178	3.45e+19	0	3.29e+06	1.954	
11805.4	2178	3.45e+19	0	3.33e+06	1.954	
12133.3	2178	3.45e+19	0	3.42e+06	1.954	
12158.6	2178	3.45e+19	0	3.43e+06	1.955	
12637.8	2178	3.45e+19	0	3.56e+06	1.955	
12663.1	2178	3.45e+19	0	3.57e+06	1.956	
12789.2	2178	3.45e+19	0	3.6e+06	1.956	
13142.3	2178	3.45e+19	0	3.7e+06	1.956	
13167.6	2178	3.45e+19	0	3.71e+06	1.957	
13646.8	2178	3.45e+19	0	3.84e+06	1.957	
13672.1	2178	3.45e+19	0	3.84e+06	1.958	
13773	2178	3.45e+19	0	3.87e+06	1.958	
14151.4	2178	3.45e+19	0	3.97e+06	1.958	
14176.6	2178	3.45e+19	0	3.98e+06	1.959	
14630.6	2178	3.45e+19	0	4.11e+06	1.959	
14655.9	2178	3.45e+19	0	4.11e+06	1.96	
14756.8	2178	3.45e+19	0	4.14e+06	1.96	
15135.1	2178	3.45e+19	0	4.24e+06	1.96	
15160.4	2178	3.45e+19	0	4.25e+06	1.961	
15614.4	2178	3.45e+19	0	4.38e+06	1.961	
15639.6	2178	3.45e+19	0	4.38e+06	1.962	
15740.5	2178	3.45e+19	0	4.41e+06	1.962	
16093.7	2178	3.45e+19	0	4.51e+06	1.962	
16118.9	2178	3.45e+19	0	4.51e+06	1.963	
16573	2178	3.45e+19	0	4.64e+06	1.963	
16598.2	2178	3.45e+19	0	4.64e+06	1.964	
16724.3	2178	3.45e+19	0	4.68e+06	1.964	
17052.3	2178	3.45e+19	0	4.77e+06	1.964	
17077.5	2178	3.45e+19	0	4.78e+06	1.965	
17506.3	2178	3.45e+19	0	4.89e+06	1.965	
17531.5	2178	3.45e+19	0	4.9e+06	1.966	
17708.1	2178	3.45e+19	0	4.95e+06	1.966	
17985.6	2178	3.45e+19	0	5.02e+06	1.966	
18010.8	2178	3.45e+19	0	5.03e+06	1.967	
18439.6	2178	3.45e+19	0	5.15e+06	1.967	
18464.9	2178	3.45e+19	0	5.16e+06	1.968	
18691.9	2178	3.45e+19	0	5.22e+06	1.968	
18893.7	2178	3.45e+19	0	5.27e+06	1.968	
18918.9	2178	3.45e+19	0	5.28e+06	1.969	
19322.5	2178	3.45e+19	0	5.39e+06	1.969	
19347.7	2178	3.45e+19	0	5.4e+06	1.97	
19675.7	2178	3.45e+19	0	5.49e+06	1.97	
19776.6	2178	3.45e+19	0	5.52e+06	1.97	
19801.8	2178	3.45e+19	0	5.52e+06	1.971	
20205.4	2178	3.45e+19	0	5.63e+06	1.971	
20230.6	2178	3.45e+19	0	5.64e+06	1.972	
20609	2178	3.45e+19	0	5.74e+06	1.972	
20634.2	2178	3.45e+19	0	5.75e+06	1.973	
20659.5	2178	3.45e+19	0	5.76e+06	1.973	
21037.8	2178	3.45e+19	0	5.86e+06	1.973	
21063.1	2178	3.45e+19	0	5.87e+06	1.974	
21441.4	2178	3.45e+19	0	5.97e+06	1.974	
21466.7	2178	3.45e+19	0	5.98e+06	1.975	
21643.2	2178	3.45e+19	0	6.03e+06	1.975	
21819.8	2178	3.45e+19	0	6.07e+06	1.975	
21845	2178	3.45e+19	0	6.08e+06	1.976	
22223.4	2178	3.45e+19	0	6.18e+06	1.976	
22248.6	2178	3.45e+19	0	6.19e+06	1.977	
22601.8	2178	3.45e+19	0	6.29e+06	1.977	
22627	2178	3.45e+19	0	6.3e+06	1.978	
22980.2	2178	3.45e+19	0	6.39e+06	1.978	
23005.4	2178	3.45e+19	0	6.4e+06	1.979	
23333.3	2178	3.45e+19	0	6.49e+06	1.979	
23358.6	2178	3.45e+19	0	6.5e+06	1.98	
23610.8	2178	3.45e+19	0	6.56e+06	1.98	
23686.5	2178	3.45e+19	0	6.59e+06	1.98	
23711.7	2178	3.45e+19	0	6.59e+06	1.981	
24039.6	2178	3.45e+19	0	6.68e+06	1.981	
24064.9	2178	3.45e+19	0	6.69e+06	1.982	
24367.6	2178	3.45e+19	0	6.77e+06	1.982	
24392.8	2178	3.45e+19	0	6.78e+06	1.983	
24594.6	2178	3.45e+19	0	6.83e+06	1.983	
24720.7	2178	3.45e+19	0	6.87e+06	1.983	
24745.9	2178	3.45e+19	0	6.88e+06	1.984	
25048.6	2178	3.45e+19	0	6.96e+06	1.984	
25073.9	2178	3.45e+19	0	6.97e+06	1.985	
25200	2178	3.45e+19	0	7e+06	1.985	
25200	2178	0	0	7e+06	1.985	
25224	300	0	0	7e+06	1.985	
sf_resolution_rate = 1
sf_trapping_rate = 1
sf_nucleation_rate = 1
sf_diffusivity = 1
sf_temperature = 1
sf_fission_rate = 1
sf_diffusion_based_release = 1
sf_helium_production_rate = 1
sf_grain_boundary_energy = 1.4
sf_fabricated_porosity = 0.8
sf_cs_production = 0.128251
