# Table 8.24. Selected data on oxygen potential for MOX fuels (fresh and irradiated) – Data source: (Matzke, 1988)
Temperature Pu/M ratio (before irradiation) O/M ratio (Average or maximum not stated) Burn-up μ(O2) Radial position
K % %FIMA kJ/mol
996 20 1,982 0 -647
1029 20 1,982 0 -636
1040 20 1,982 0 -638
1055 20 1,982 0 -626
1086 20 1,982 0 -616
1112 20 1,982 0 -606
1119 20 1,982 0 -602
1125 20 1,982 0 -611
1159 20 1,982 0 -590
1179 20 1,982 0 -583
1196 20 1,982 0 -577
1202 20 1,982 0 -570
1206 20 1,982 0 -581
1213 20 1,982 0 -567
1229 20 1,982 0 -565
1237 20 1,982 0 -567
1252 20 1,982 0 -562
1265 20 1,982 0 -554
1272 20 1,982 0 -543
1296 20 1,982 0 -534
1304 20 1,982 0 -538
1328 20 1,982 0 -523
989 19,70 1,982 3,8 -558 Edge
1031 19,70 1,982 3,8 -549 Edge
1057 19,70 1,982 3,8 -545 Edge
1080 19,70 1,982 3,8 -539 Edge
1112 19,70 1,982 3,8 -533 Edge
1148 19,70 1,982 3,8 -522 Edge
1175 19,70 1,982 3,8 -517 Edge
1207 19,70 1,982 3,8 -513 Edge
1225 19,70 1,982 3,8 -505 Edge
1258 19,70 1,982 3,8 -498 Edge
1264 19,70 1,982 3,8 -496 Edge
1323 19,70 1,982 3,8 -481 Edge
1330 19,70 1,982 3,8 -481 Edge
940 19,70 1,982 3,8 -566 Centre
1005 19,70 1,982 3,8 -548 Centre
1030 19,70 1,982 3,8 -540 Centre
1050 19,70 1,982 3,8 -541 Centre
1117 19,70 1,982 3,8 -522 Centre
1147 19,70 1,982 3,8 -513 Centre
1206 19,70 1,982 3,8 -501 Centre
1238 19,70 1,982 3,8 -491 Centre
1256 19,70 1,982 3,8 -484 Centre
1308 19,70 1,982 3,8 -471 Centre
1336 19,70 1,982 3,8 -463 Centre
1373 19,70 1,982 3,8 -458 Centre
1000 19,43 1,979 7,0 -539 Edge
1011 19,43 1,979 7,0 -534 Edge
1089 19,43 1,979 7,0 -521 Edge
1147 19,43 1,979 7,0 -507 Edge
1155 19,43 1,979 7,0 -503 Edge
1223 19,43 1,979 7,0 -488 Edge
1257 19,43 1,979 7,0 -475 Edge
1265 19,43 1,979 7,0 -475 Edge
1379 19,43 1,979 7,0 -446 Edge
965 19,43 1,979 7,0 -500 Centre
1016 19,43 1,979 7,0 -490 Centre
1054 19,43 1,979 7,0 -479 Centre
1084 19,43 1,979 7,0 -478 Centre
1114 19,43 1,979 7,0 -470 Centre
1144 19,43 1,979 7,0 -464 Centre
1198 19,43 1,979 7,0 -453 Centre
1224 19,43 1,979 7,0 -451 Centre
1253 19,43 1,979 7,0 -448 Centre
1307 19,43 1,979 7,0 -436 Centre
1352 19,43 1,979 7,0 -430 Centre
1358 19,43 1,979 7,0 -423 Centre
993 20,64 1,983 11,2 -473 Edge
1037 20,64 1,983 11,2 -468 Edge
1103 20,64 1,983 11,2 -453 Edge
1162 20,64 1,983 11,2 -433 Edge
1192 20,64 1,983 11,2 -422 Edge
1225 20,64 1,983 11,2 -422 Edge
1254 20,64 1,983 11,2 -417 Edge
1275 20,64 1,983 11,2 -417 Edge
1305 20,64 1,983 11,2 -413 Edge
1324 20,64 1,983 11,2 -404 Edge
1369 20,64 1,983 11,2 -397 Edge
1375 20,64 1,983 11,2 -397 Edge
1057 20,64 1,983 11,2 -450 Centre
1088 20,64 1,983 11,2 -444 Centre
1123 20,64 1,983 11,2 -436 Centre
1152 20,64 1,983 11,2 -430 Centre
1164 20,64 1,983 11,2 -427 Centre
1209 20,64 1,983 11,2 -417 Centre
1222 20,64 1,983 11,2 -415 Centre
1258 20,64 1,983 11,2 -408 Centre
1262 20,64 1,983 11,2 -410 Centre
1290 20,64 1,983 11,2 -403 Centre
1312 20,64 1,983 11,2 -393 Centre
1327 20,64 1,983 11,2 -393 Centre
1384 20,64 1,983 11,2 -381 Centre
1394 20,64 1,983 11,2 -378 Centre

# GERMINAL 13.3 %FIMA (T [K] ; mu(O2) [kJ/mol])
905,64; -424,79
923,51; -421,64
941,39; -418,30
959,27; -415,35
977,15; -412,26
995,03; -409,38
1012,91; -406,76
1030,79; -404,08
1048,67; -401,53
1066,56; -399,57
1084,44; -397,28
1102,32; -395,33
1120,21; -392,77
1138,09; -390,35
1155,97; -387,80
1173,85; -385,12
1190,40; -381,70
1209,61; -379,55
1227,49; -376,73
1245,37; -373,85
1263,25; -370,64
1281,13; -367,36
1299,00; -364,14
1316,89; -361,86
1334,77; -359,37
1352,65; -356,95
1370,53; -354,79
1388,41; -352,24
1406,30; -350,35
1424,19; -348,79
1442,07; -347,16