0.0000   1560   3.45e+19   0.00e+00   1.00e+05   1.975
25.2252   1560   3.45e+19   0.00e+00   1.00e+05   1.995
983.7838   1560   3.45e+19   0.00e+00   1.00e+05   1.995
1690.0901   1560   3.45e+19   0.00e+00   1.00e+05   1.995
1715.3153   1560   3.45e+19   0.00e+00   1.00e+05   1.996
1967.5676   1560   3.45e+19   0.00e+00   1.00e+05   1.996
2951.3514   1560   3.45e+19   0.00e+00   1.00e+05   1.996
3935.1351   1560   3.45e+19   0.00e+00   1.00e+05   1.996
4918.9189   1560   3.45e+19   0.00e+00   1.00e+05   1.996
5902.7027   1560   3.45e+19   0.00e+00   1.00e+05   1.996
6003.6036   1560   3.45e+19   0.00e+00   1.00e+05   1.996
6028.8288   1560   3.45e+19   0.00e+00   1.00e+05   1.997
6886.4865   1560   3.45e+19   0.00e+00   1.00e+05   1.997
7870.2703   1560   3.45e+19   0.00e+00   1.00e+05   1.997
8854.0541   1560   3.45e+19   0.00e+00   1.00e+05   1.997
9837.8378   1560   3.45e+19   0.00e+00   1.00e+05   1.997
10821.6216   1560   3.45e+19   0.00e+00   1.00e+05   1.997
11805.4054   1560   3.45e+19   0.00e+00   1.00e+05   1.997
11906.3063   1560   3.45e+19   0.00e+00   1.00e+05   1.997
11931.5315   1560   3.45e+19   0.00e+00   1.00e+05   1.998
12789.1892   1560   3.45e+19   0.00e+00   1.00e+05   1.998
13772.9730   1560   3.45e+19   0.00e+00   1.00e+05   1.998
14756.7568   1560   3.45e+19   0.00e+00   1.00e+05   1.998
15740.5405   1560   3.45e+19   0.00e+00   1.00e+05   1.998
16724.3243   1560   3.45e+19   0.00e+00   1.00e+05   1.998
17708.1081   1560   3.45e+19   0.00e+00   1.00e+05   1.998
18691.8919   1560   3.45e+19   0.00e+00   1.00e+05   1.998
19675.6757   1560   3.45e+19   0.00e+00   1.00e+05   1.998
19978.3784   1560   3.45e+19   0.00e+00   1.00e+05   1.998
20003.6036   1560   3.45e+19   0.00e+00   1.00e+05   1.999
20659.4595   1560   3.45e+19   0.00e+00   1.00e+05   1.999
21643.2432   1560   3.45e+19   0.00e+00   1.00e+05   1.999
22627.0270   1560   3.45e+19   0.00e+00   1.00e+05   1.999
23610.8108   1560   3.45e+19   0.00e+00   1.00e+05   1.999
24594.5946   1560   3.45e+19   0.00e+00   1.00e+05   1.999
25200.0000   1560   3.45e+19   0.00e+00   1.00e+05   1.999
25200.0001   1560   0.00e+00   0.00e+00   1.00e+05   1.999
25224.0000   300   0.00e+00   0.00e+00   1.00e+05   1.999
