0.0000   1653   3.45e+19   0.00e+00   1.00e+05   1.975
25.2252   1653   3.45e+19   0.00e+00   1.00e+05   1.998
983.7838   1653   3.45e+19   0.00e+00   1.00e+05   1.998
1967.5676   1653   3.45e+19   0.00e+00   1.00e+05   1.998
2951.3514   1653   3.45e+19   0.00e+00   1.00e+05   1.998
3935.1351   1653   3.45e+19   0.00e+00   1.00e+05   1.998
4918.9189   1653   3.45e+19   0.00e+00   1.00e+05   1.998
5902.7027   1653   3.45e+19   0.00e+00   1.00e+05   1.998
6886.4865   1653   3.45e+19   0.00e+00   1.00e+05   1.998
7870.2703   1653   3.45e+19   0.00e+00   1.00e+05   1.998
8753.1532   1653   3.45e+19   0.00e+00   1.00e+05   1.998
8778.3784   1653   3.45e+19   0.00e+00   1.00e+05   1.999
8854.0541   1653   3.45e+19   0.00e+00   1.00e+05   1.999
9837.8378   1653   3.45e+19   0.00e+00   1.00e+05   1.999
10821.6216   1653   3.45e+19   0.00e+00   1.00e+05   1.999
11805.4054   1653   3.45e+19   0.00e+00   1.00e+05   1.999
12789.1892   1653   3.45e+19   0.00e+00   1.00e+05   1.999
13772.9730   1653   3.45e+19   0.00e+00   1.00e+05   1.999
14756.7568   1653   3.45e+19   0.00e+00   1.00e+05   1.999
15740.5405   1653   3.45e+19   0.00e+00   1.00e+05   1.999
16724.3243   1653   3.45e+19   0.00e+00   1.00e+05   1.999
17708.1081   1653   3.45e+19   0.00e+00   1.00e+05   1.999
18691.8919   1653   3.45e+19   0.00e+00   1.00e+05   1.999
19675.6757   1653   3.45e+19   0.00e+00   1.00e+05   1.999
20659.4595   1653   3.45e+19   0.00e+00   1.00e+05   1.999
21643.2432   1653   3.45e+19   0.00e+00   1.00e+05   1.999
22627.0270   1653   3.45e+19   0.00e+00   1.00e+05   1.999
23358.5586   1653   3.45e+19   0.00e+00   1.00e+05   1.999
23383.7838   1653   3.45e+19   0.00e+00   1.00e+05   2.000
23610.8108   1653   3.45e+19   0.00e+00   1.00e+05   2.000
24594.5946   1653   3.45e+19   0.00e+00   1.00e+05   2.000
25200.0000   1653   3.45e+19   0.00e+00   1.00e+05   2.000
25200.0001   1653   0.00e+00   0.00e+00   1.00e+05   2.000
25224.0000   300   0.00e+00   0.00e+00   1.00e+05   2.000
