0.0000   2000   3.45e+19   0.00e+00   1.00e+05   1.975e+00
2800.0000   2000   3.45e+19   0.00e+00   1.00e+05   1.935e+00
5600.0000   2000   3.45e+19   0.00e+00   1.00e+05   1.938e+00
8400.0000   2000   3.45e+19   0.00e+00   1.00e+05   1.940e+00
11200.0000   2000   3.45e+19   0.00e+00   1.00e+05   1.943e+00
14000.0000   2000   3.45e+19   0.00e+00   1.00e+05   1.946e+00
16800.0000   2000   3.45e+19   0.00e+00   1.00e+05   1.948e+00
19600.0000   2000   3.45e+19   0.00e+00   1.00e+05   1.951e+00
22400.0000   2000   3.45e+19   0.00e+00   1.00e+05   1.953e+00
25200.0000   2000   3.45e+19   0.00e+00   1.00e+05   1.956e+00
25201.0000   300    0   0   1e5 1.956e+00