0.0000   2003   3.45e+19   0.00e+00   1.00e+05   1.975
25.2252   2003   3.45e+19   0.00e+00   1.07e+05   1.935
378.3784   2003   3.45e+19   0.00e+00   2.04e+05   1.935
403.6036   2003   3.45e+19   0.00e+00   2.11e+05   1.936
832.4324   2003   3.45e+19   0.00e+00   3.28e+05   1.936
857.6577   2003   3.45e+19   0.00e+00   3.35e+05   1.937
983.7838   2003   3.45e+19   0.00e+00   3.69e+05   1.937
1286.4865   2003   3.45e+19   0.00e+00   4.52e+05   1.937
1311.7117   2003   3.45e+19   0.00e+00   4.59e+05   1.938
1740.5405   2003   3.45e+19   0.00e+00   5.77e+05   1.938
1765.7658   2003   3.45e+19   0.00e+00   5.83e+05   1.939
1967.5676   2003   3.45e+19   0.00e+00   6.39e+05   1.939
2169.3694   2003   3.45e+19   0.00e+00   6.94e+05   1.939
2194.5946   2003   3.45e+19   0.00e+00   7.01e+05   1.940
2623.4234   2003   3.45e+19   0.00e+00   8.18e+05   1.940
2648.6486   2003   3.45e+19   0.00e+00   8.25e+05   1.941
2951.3514   2003   3.45e+19   0.00e+00   9.08e+05   1.941
3052.2523   2003   3.45e+19   0.00e+00   9.36e+05   1.941
3077.4775   2003   3.45e+19   0.00e+00   9.43e+05   1.942
3506.3063   2003   3.45e+19   0.00e+00   1.06e+06   1.942
3531.5315   2003   3.45e+19   0.00e+00   1.07e+06   1.943
3935.1351   2003   3.45e+19   0.00e+00   1.18e+06   1.943
3960.3604   2003   3.45e+19   0.00e+00   1.18e+06   1.944
4389.1892   2003   3.45e+19   0.00e+00   1.30e+06   1.944
4414.4144   2003   3.45e+19   0.00e+00   1.31e+06   1.945
4818.0180   2003   3.45e+19   0.00e+00   1.42e+06   1.945
4843.2432   2003   3.45e+19   0.00e+00   1.43e+06   1.946
4918.9189   2003   3.45e+19   0.00e+00   1.45e+06   1.946
5246.8468   2003   3.45e+19   0.00e+00   1.54e+06   1.946
5272.0721   2003   3.45e+19   0.00e+00   1.54e+06   1.947
5675.6757   2003   3.45e+19   0.00e+00   1.65e+06   1.947
5700.9009   2003   3.45e+19   0.00e+00   1.66e+06   1.948
5902.7027   2003   3.45e+19   0.00e+00   1.72e+06   1.948
6104.5045   2003   3.45e+19   0.00e+00   1.77e+06   1.948
6129.7297   2003   3.45e+19   0.00e+00   1.78e+06   1.949
6533.3333   2003   3.45e+19   0.00e+00   1.89e+06   1.949
6558.5586   2003   3.45e+19   0.00e+00   1.90e+06   1.950
6886.4865   2003   3.45e+19   0.00e+00   1.99e+06   1.950
6962.1622   2003   3.45e+19   0.00e+00   2.01e+06   1.950
6987.3874   2003   3.45e+19   0.00e+00   2.01e+06   1.951
7390.9910   2003   3.45e+19   0.00e+00   2.12e+06   1.951
7416.2162   2003   3.45e+19   0.00e+00   2.13e+06   1.952
7819.8198   2003   3.45e+19   0.00e+00   2.24e+06   1.952
7845.0450   2003   3.45e+19   0.00e+00   2.25e+06   1.953
7870.2703   2003   3.45e+19   0.00e+00   2.25e+06   1.953
8248.6486   2003   3.45e+19   0.00e+00   2.36e+06   1.953
8273.8739   2003   3.45e+19   0.00e+00   2.37e+06   1.954
8677.4775   2003   3.45e+19   0.00e+00   2.48e+06   1.954
8702.7027   2003   3.45e+19   0.00e+00   2.48e+06   1.955
8854.0541   2003   3.45e+19   0.00e+00   2.52e+06   1.955
9081.0811   2003   3.45e+19   0.00e+00   2.59e+06   1.955
9106.3063   2003   3.45e+19   0.00e+00   2.59e+06   1.956
9509.9099   2003   3.45e+19   0.00e+00   2.70e+06   1.956
9535.1351   2003   3.45e+19   0.00e+00   2.71e+06   1.957
9837.8378   2003   3.45e+19   0.00e+00   2.79e+06   1.957
9913.5135   2003   3.45e+19   0.00e+00   2.81e+06   1.957
9938.7387   2003   3.45e+19   0.00e+00   2.82e+06   1.958
10342.3423   2003   3.45e+19   0.00e+00   2.93e+06   1.958
10367.5676   2003   3.45e+19   0.00e+00   2.94e+06   1.959
10745.9459   2003   3.45e+19   0.00e+00   3.04e+06   1.959
10771.1712   2003   3.45e+19   0.00e+00   3.05e+06   1.960
10821.6216   2003   3.45e+19   0.00e+00   3.06e+06   1.960
11174.7748   2003   3.45e+19   0.00e+00   3.16e+06   1.960
11200.0000   2003   3.45e+19   0.00e+00   3.17e+06   1.961
11578.3784   2003   3.45e+19   0.00e+00   3.27e+06   1.961
11603.6036   2003   3.45e+19   0.00e+00   3.28e+06   1.962
11805.4054   2003   3.45e+19   0.00e+00   3.33e+06   1.962
12007.2072   2003   3.45e+19   0.00e+00   3.39e+06   1.962
12032.4324   2003   3.45e+19   0.00e+00   3.39e+06   1.963
12410.8108   2003   3.45e+19   0.00e+00   3.50e+06   1.963
12436.0360   2003   3.45e+19   0.00e+00   3.51e+06   1.964
12789.1892   2003   3.45e+19   0.00e+00   3.60e+06   1.964
12814.4144   2003   3.45e+19   0.00e+00   3.61e+06   1.964
12839.6396   2003   3.45e+19   0.00e+00   3.62e+06   1.965
13218.0180   2003   3.45e+19   0.00e+00   3.72e+06   1.965
13243.2432   2003   3.45e+19   0.00e+00   3.73e+06   1.966
13646.8468   2003   3.45e+19   0.00e+00   3.84e+06   1.966
13672.0721   2003   3.45e+19   0.00e+00   3.84e+06   1.967
13772.9730   2003   3.45e+19   0.00e+00   3.87e+06   1.967
14050.4505   2003   3.45e+19   0.00e+00   3.95e+06   1.967
14075.6757   2003   3.45e+19   0.00e+00   3.95e+06   1.968
14454.0541   2003   3.45e+19   0.00e+00   4.06e+06   1.968
14479.2793   2003   3.45e+19   0.00e+00   4.06e+06   1.969
14756.7568   2003   3.45e+19   0.00e+00   4.14e+06   1.969
14857.6577   2003   3.45e+19   0.00e+00   4.17e+06   1.969
14882.8829   2003   3.45e+19   0.00e+00   4.18e+06   1.970
15286.4865   2003   3.45e+19   0.00e+00   4.29e+06   1.970
15311.7117   2003   3.45e+19   0.00e+00   4.29e+06   1.971
15690.0901   2003   3.45e+19   0.00e+00   4.40e+06   1.971
15715.3153   2003   3.45e+19   0.00e+00   4.40e+06   1.972
15740.5405   2003   3.45e+19   0.00e+00   4.41e+06   1.972
16093.6937   2003   3.45e+19   0.00e+00   4.51e+06   1.972
16118.9189   2003   3.45e+19   0.00e+00   4.51e+06   1.973
16497.2973   2003   3.45e+19   0.00e+00   4.62e+06   1.973
16522.5225   2003   3.45e+19   0.00e+00   4.62e+06   1.974
16724.3243   2003   3.45e+19   0.00e+00   4.68e+06   1.974
16926.1261   2003   3.45e+19   0.00e+00   4.73e+06   1.974
16951.3514   2003   3.45e+19   0.00e+00   4.74e+06   1.975
17329.7297   2003   3.45e+19   0.00e+00   4.85e+06   1.975
17354.9550   2003   3.45e+19   0.00e+00   4.85e+06   1.976
17708.1081   2003   3.45e+19   0.00e+00   4.95e+06   1.976
17733.3333   2003   3.45e+19   0.00e+00   4.96e+06   1.976
17758.5586   2003   3.45e+19   0.00e+00   4.96e+06   1.977
18162.1622   2003   3.45e+19   0.00e+00   5.07e+06   1.977
18187.3874   2003   3.45e+19   0.00e+00   5.08e+06   1.978
18565.7658   2003   3.45e+19   0.00e+00   5.18e+06   1.978
18590.9910   2003   3.45e+19   0.00e+00   5.19e+06   1.979
18691.8919   2003   3.45e+19   0.00e+00   5.22e+06   1.979
18994.5946   2003   3.45e+19   0.00e+00   5.30e+06   1.979
19019.8198   2003   3.45e+19   0.00e+00   5.31e+06   1.980
19398.1982   2003   3.45e+19   0.00e+00   5.41e+06   1.980
19423.4234   2003   3.45e+19   0.00e+00   5.42e+06   1.981
19675.6757   2003   3.45e+19   0.00e+00   5.49e+06   1.981
19827.0270   2003   3.45e+19   0.00e+00   5.53e+06   1.981
19852.2523   2003   3.45e+19   0.00e+00   5.54e+06   1.982
20255.8559   2003   3.45e+19   0.00e+00   5.65e+06   1.982
20281.0811   2003   3.45e+19   0.00e+00   5.65e+06   1.983
20659.4595   2003   3.45e+19   0.00e+00   5.76e+06   1.983
20684.6847   2003   3.45e+19   0.00e+00   5.76e+06   1.983
20709.9099   2003   3.45e+19   0.00e+00   5.77e+06   1.984
21138.7387   2003   3.45e+19   0.00e+00   5.89e+06   1.984
21163.9640   2003   3.45e+19   0.00e+00   5.89e+06   1.985
21567.5676   2003   3.45e+19   0.00e+00   6.01e+06   1.985
21592.7928   2003   3.45e+19   0.00e+00   6.01e+06   1.986
21643.2432   2003   3.45e+19   0.00e+00   6.03e+06   1.986
22021.6216   2003   3.45e+19   0.00e+00   6.13e+06   1.986
22046.8468   2003   3.45e+19   0.00e+00   6.14e+06   1.987
22475.6757   2003   3.45e+19   0.00e+00   6.25e+06   1.987
22500.9009   2003   3.45e+19   0.00e+00   6.26e+06   1.988
22627.0270   2003   3.45e+19   0.00e+00   6.30e+06   1.988
22954.9550   2003   3.45e+19   0.00e+00   6.39e+06   1.988
22980.1802   2003   3.45e+19   0.00e+00   6.39e+06   1.989
23434.2342   2003   3.45e+19   0.00e+00   6.52e+06   1.989
23459.4595   2003   3.45e+19   0.00e+00   6.52e+06   1.990
23610.8108   2003   3.45e+19   0.00e+00   6.56e+06   1.990
23913.5135   2003   3.45e+19   0.00e+00   6.65e+06   1.990
23938.7387   2003   3.45e+19   0.00e+00   6.65e+06   1.991
24418.0180   2003   3.45e+19   0.00e+00   6.79e+06   1.991
24443.2432   2003   3.45e+19   0.00e+00   6.79e+06   1.992
24594.5946   2003   3.45e+19   0.00e+00   6.83e+06   1.992
24922.5225   2003   3.45e+19   0.00e+00   6.92e+06   1.992
24947.7477   2003   3.45e+19   0.00e+00   6.93e+06   1.993
25200.0000   2003   3.45e+19   0.00e+00   7.00e+06   1.993
25200.0001   2003   0.00e+00   0.00e+00   7.00e+06   1.993
25224.0000   300   0.00e+00   0.00e+00   7.00e+06   1.993
