0.0000   9.094026e+02   4.500000e+19   0.000000e+00   2.000000e+05   1.975000e+00
2284.4444   9.094026e+02   4.500000e+19   0.000000e+00   6.222222e+05   2.000000e+00
4568.8889   9.094026e+02   4.500000e+19   0.000000e+00   1.044444e+06   2.000000e+00
6853.3333   9.094026e+02   4.500000e+19   0.000000e+00   1.466667e+06   2.000000e+00
9137.7778   9.094026e+02   4.500000e+19   0.000000e+00   1.888889e+06   2.000000e+00
11422.2222   9.094026e+02   4.500000e+19   0.000000e+00   2.311111e+06   2.000000e+00
13706.6667   9.094026e+02   4.500000e+19   0.000000e+00   2.733333e+06   2.000000e+00
15991.1111   9.094026e+02   4.500000e+19   0.000000e+00   3.155556e+06   2.000000e+00
18275.5556   9.094026e+02   4.500000e+19   0.000000e+00   3.577778e+06   2.000000e+00
20560.0000   9.094026e+02   4.500000e+19   0.000000e+00   4.000000e+06   2.000000e+00
