0.0000   2.000000e+03   4.223134e+19   0.000000e+00   2.000000e+05   1.975000e+00
2284.4444   2.000000e+03   4.223134e+19   0.000000e+00   6.222222e+05   1.935227e+00
4568.8889   2.000000e+03   4.223134e+19   0.000000e+00   1.044444e+06   1.937895e+00
6853.3333   2.000000e+03   4.223134e+19   0.000000e+00   1.466667e+06   1.940533e+00
9137.7778   2.000000e+03   4.223134e+19   0.000000e+00   1.888889e+06   1.943139e+00
11422.2222   2.000000e+03   4.223134e+19   0.000000e+00   2.311111e+06   1.945711e+00
13706.6667   2.000000e+03   4.223134e+19   0.000000e+00   2.733333e+06   1.948254e+00
15991.1111   2.000000e+03   4.223134e+19   0.000000e+00   3.155556e+06   1.950786e+00
18275.5556   2.000000e+03   4.223134e+19   0.000000e+00   3.577778e+06   1.953345e+00
20560.0000   2.000000e+03   4.223134e+19   0.000000e+00   4.000000e+06   1.956001e+00
