0.0000   2178   3.45e+19   0.00e+00   1.00e+05   1.975
25.2252   2178   3.45e+19   0.00e+00   1.00e+05   1.931
403.6036   2178   3.45e+19   0.00e+00   1.00e+05   1.931
428.8288   2178   3.45e+19   0.00e+00   1.00e+05   1.932
908.1081   2178   3.45e+19   0.00e+00   1.00e+05   1.932
933.3333   2178   3.45e+19   0.00e+00   1.00e+05   1.933
983.7838   2178   3.45e+19   0.00e+00   1.00e+05   1.933
1437.8378   2178   3.45e+19   0.00e+00   1.00e+05   1.933
1463.0631   2178   3.45e+19   0.00e+00   1.00e+05   1.934
1942.3423   2178   3.45e+19   0.00e+00   1.00e+05   1.934
1967.5676   2178   3.45e+19   0.00e+00   1.00e+05   1.935
2446.8468   2178   3.45e+19   0.00e+00   1.00e+05   1.935
2472.0721   2178   3.45e+19   0.00e+00   1.00e+05   1.936
2951.3514   2178   3.45e+19   0.00e+00   1.00e+05   1.936
2976.5766   2178   3.45e+19   0.00e+00   1.00e+05   1.936
3001.8018   2178   3.45e+19   0.00e+00   1.00e+05   1.937
3481.0811   2178   3.45e+19   0.00e+00   1.00e+05   1.937
3506.3063   2178   3.45e+19   0.00e+00   1.00e+05   1.938
3935.1351   2178   3.45e+19   0.00e+00   1.00e+05   1.938
3985.5856   2178   3.45e+19   0.00e+00   1.00e+05   1.938
4010.8108   2178   3.45e+19   0.00e+00   1.00e+05   1.939
4515.3153   2178   3.45e+19   0.00e+00   1.00e+05   1.939
4540.5405   2178   3.45e+19   0.00e+00   1.00e+05   1.940
4918.9189   2178   3.45e+19   0.00e+00   1.00e+05   1.940
5019.8198   2178   3.45e+19   0.00e+00   1.00e+05   1.940
5045.0450   2178   3.45e+19   0.00e+00   1.00e+05   1.941
5524.3243   2178   3.45e+19   0.00e+00   1.00e+05   1.941
5549.5495   2178   3.45e+19   0.00e+00   1.00e+05   1.942
5902.7027   2178   3.45e+19   0.00e+00   1.00e+05   1.942
6028.8288   2178   3.45e+19   0.00e+00   1.00e+05   1.942
6054.0541   2178   3.45e+19   0.00e+00   1.00e+05   1.943
6558.5586   2178   3.45e+19   0.00e+00   1.00e+05   1.943
6583.7838   2178   3.45e+19   0.00e+00   1.00e+05   1.944
6886.4865   2178   3.45e+19   0.00e+00   1.00e+05   1.944
7063.0631   2178   3.45e+19   0.00e+00   1.00e+05   1.944
7088.2883   2178   3.45e+19   0.00e+00   1.00e+05   1.945
7567.5676   2178   3.45e+19   0.00e+00   1.00e+05   1.945
7592.7928   2178   3.45e+19   0.00e+00   1.00e+05   1.946
7870.2703   2178   3.45e+19   0.00e+00   1.00e+05   1.946
8072.0721   2178   3.45e+19   0.00e+00   1.00e+05   1.946
8097.2973   2178   3.45e+19   0.00e+00   1.00e+05   1.947
8601.8018   2178   3.45e+19   0.00e+00   1.00e+05   1.947
8627.0270   2178   3.45e+19   0.00e+00   1.00e+05   1.948
8854.0541   2178   3.45e+19   0.00e+00   1.00e+05   1.948
9106.3063   2178   3.45e+19   0.00e+00   1.00e+05   1.948
9131.5315   2178   3.45e+19   0.00e+00   1.00e+05   1.949
9610.8108   2178   3.45e+19   0.00e+00   1.00e+05   1.949
9636.0360   2178   3.45e+19   0.00e+00   1.00e+05   1.950
9837.8378   2178   3.45e+19   0.00e+00   1.00e+05   1.950
10115.3153   2178   3.45e+19   0.00e+00   1.00e+05   1.950
10140.5405   2178   3.45e+19   0.00e+00   1.00e+05   1.951
10619.8198   2178   3.45e+19   0.00e+00   1.00e+05   1.951
10645.0450   2178   3.45e+19   0.00e+00   1.00e+05   1.952
10821.6216   2178   3.45e+19   0.00e+00   1.00e+05   1.952
11124.3243   2178   3.45e+19   0.00e+00   1.00e+05   1.952
11149.5495   2178   3.45e+19   0.00e+00   1.00e+05   1.953
11628.8288   2178   3.45e+19   0.00e+00   1.00e+05   1.953
11654.0541   2178   3.45e+19   0.00e+00   1.00e+05   1.954
11805.4054   2178   3.45e+19   0.00e+00   1.00e+05   1.954
12133.3333   2178   3.45e+19   0.00e+00   1.00e+05   1.954
12158.5586   2178   3.45e+19   0.00e+00   1.00e+05   1.955
12637.8378   2178   3.45e+19   0.00e+00   1.00e+05   1.955
12663.0631   2178   3.45e+19   0.00e+00   1.00e+05   1.956
12789.1892   2178   3.45e+19   0.00e+00   1.00e+05   1.956
13142.3423   2178   3.45e+19   0.00e+00   1.00e+05   1.956
13167.5676   2178   3.45e+19   0.00e+00   1.00e+05   1.957
13646.8468   2178   3.45e+19   0.00e+00   1.00e+05   1.957
13672.0721   2178   3.45e+19   0.00e+00   1.00e+05   1.958
13772.9730   2178   3.45e+19   0.00e+00   1.00e+05   1.958
14151.3514   2178   3.45e+19   0.00e+00   1.00e+05   1.958
14176.5766   2178   3.45e+19   0.00e+00   1.00e+05   1.959
14630.6306   2178   3.45e+19   0.00e+00   1.00e+05   1.959
14655.8559   2178   3.45e+19   0.00e+00   1.00e+05   1.960
14756.7568   2178   3.45e+19   0.00e+00   1.00e+05   1.960
15135.1351   2178   3.45e+19   0.00e+00   1.00e+05   1.960
15160.3604   2178   3.45e+19   0.00e+00   1.00e+05   1.961
15614.4144   2178   3.45e+19   0.00e+00   1.00e+05   1.961
15639.6396   2178   3.45e+19   0.00e+00   1.00e+05   1.962
15740.5405   2178   3.45e+19   0.00e+00   1.00e+05   1.962
16093.6937   2178   3.45e+19   0.00e+00   1.00e+05   1.962
16118.9189   2178   3.45e+19   0.00e+00   1.00e+05   1.963
16572.9730   2178   3.45e+19   0.00e+00   1.00e+05   1.963
16598.1982   2178   3.45e+19   0.00e+00   1.00e+05   1.964
16724.3243   2178   3.45e+19   0.00e+00   1.00e+05   1.964
17052.2523   2178   3.45e+19   0.00e+00   1.00e+05   1.964
17077.4775   2178   3.45e+19   0.00e+00   1.00e+05   1.965
17506.3063   2178   3.45e+19   0.00e+00   1.00e+05   1.965
17531.5315   2178   3.45e+19   0.00e+00   1.00e+05   1.966
17708.1081   2178   3.45e+19   0.00e+00   1.00e+05   1.966
17985.5856   2178   3.45e+19   0.00e+00   1.00e+05   1.966
18010.8108   2178   3.45e+19   0.00e+00   1.00e+05   1.967
18439.6396   2178   3.45e+19   0.00e+00   1.00e+05   1.967
18464.8649   2178   3.45e+19   0.00e+00   1.00e+05   1.968
18691.8919   2178   3.45e+19   0.00e+00   1.00e+05   1.968
18893.6937   2178   3.45e+19   0.00e+00   1.00e+05   1.968
18918.9189   2178   3.45e+19   0.00e+00   1.00e+05   1.969
19322.5225   2178   3.45e+19   0.00e+00   1.00e+05   1.969
19347.7477   2178   3.45e+19   0.00e+00   1.00e+05   1.970
19675.6757   2178   3.45e+19   0.00e+00   1.00e+05   1.970
19776.5766   2178   3.45e+19   0.00e+00   1.00e+05   1.970
19801.8018   2178   3.45e+19   0.00e+00   1.00e+05   1.971
20205.4054   2178   3.45e+19   0.00e+00   1.00e+05   1.971
20230.6306   2178   3.45e+19   0.00e+00   1.00e+05   1.972
20609.0090   2178   3.45e+19   0.00e+00   1.00e+05   1.972
20634.2342   2178   3.45e+19   0.00e+00   1.00e+05   1.973
20659.4595   2178   3.45e+19   0.00e+00   1.00e+05   1.973
21037.8378   2178   3.45e+19   0.00e+00   1.00e+05   1.973
21063.0631   2178   3.45e+19   0.00e+00   1.00e+05   1.974
21441.4414   2178   3.45e+19   0.00e+00   1.00e+05   1.974
21466.6667   2178   3.45e+19   0.00e+00   1.00e+05   1.975
21643.2432   2178   3.45e+19   0.00e+00   1.00e+05   1.975
21819.8198   2178   3.45e+19   0.00e+00   1.00e+05   1.975
21845.0450   2178   3.45e+19   0.00e+00   1.00e+05   1.976
22223.4234   2178   3.45e+19   0.00e+00   1.00e+05   1.976
22248.6486   2178   3.45e+19   0.00e+00   1.00e+05   1.977
22601.8018   2178   3.45e+19   0.00e+00   1.00e+05   1.977
22627.0270   2178   3.45e+19   0.00e+00   1.00e+05   1.978
22980.1802   2178   3.45e+19   0.00e+00   1.00e+05   1.978
23005.4054   2178   3.45e+19   0.00e+00   1.00e+05   1.979
23333.3333   2178   3.45e+19   0.00e+00   1.00e+05   1.979
23358.5586   2178   3.45e+19   0.00e+00   1.00e+05   1.980
23610.8108   2178   3.45e+19   0.00e+00   1.00e+05   1.980
23686.4865   2178   3.45e+19   0.00e+00   1.00e+05   1.980
23711.7117   2178   3.45e+19   0.00e+00   1.00e+05   1.981
24039.6396   2178   3.45e+19   0.00e+00   1.00e+05   1.981
24064.8649   2178   3.45e+19   0.00e+00   1.00e+05   1.982
24367.5676   2178   3.45e+19   0.00e+00   1.00e+05   1.982
24392.7928   2178   3.45e+19   0.00e+00   1.00e+05   1.983
24594.5946   2178   3.45e+19   0.00e+00   1.00e+05   1.983
24720.7207   2178   3.45e+19   0.00e+00   1.00e+05   1.983
24745.9459   2178   3.45e+19   0.00e+00   1.00e+05   1.984
25048.6486   2178   3.45e+19   0.00e+00   1.00e+05   1.984
25073.8739   2178   3.45e+19   0.00e+00   1.00e+05   1.985
25200.0000   2178   3.45e+19   0.00e+00   1.00e+05   1.985
25200.0001   2178   0.00e+00   0.00e+00   1.00e+05   1.985
25224.0000   300   0.00e+00   0.00e+00   1.00e+05   1.985
