0.0000   1955   3.45e+19   0.00e+00   1.00e+05   1.975e+00
2800.0000   1955   3.45e+19   0.00e+00   1.00e+05   1.936e+00
5600.0000   1955   3.45e+19   0.00e+00   1.00e+05   1.939e+00
8400.0000   1955   3.45e+19   0.00e+00   1.00e+05   1.942e+00
11200.0000   1955   3.45e+19   0.00e+00   1.00e+05   1.945e+00
14000.0000   1955   3.45e+19   0.00e+00   1.00e+05   1.947e+00
16800.0000   1955   3.45e+19   0.00e+00   1.00e+05   1.950e+00
19600.0000   1955   3.45e+19   0.00e+00   1.00e+05   1.952e+00
22400.0000   1955   3.45e+19   0.00e+00   1.00e+05   1.955e+00
25200.0000   1955   3.45e+19   0.00e+00   1.00e+05   1.958e+00
25201.0000   300    0   0   1e5 1.958e+00