input_maxima = 1.98e+07
input_minima = 0
target_minima = 0
target_maxima = 1.00527e+15
xmax = 1
xmin = 0
ymax = 1
ymin = -1
first_layer_weights0 = 18.3666
first_layer_weights1 = 17.8564
first_layer_weights2 = -15.8694
first_layer_weights3 = 12.9924
first_layer_weights4 = 12.4092
first_layer_weights5 = -12.1658
first_layer_weights6 = -12.3465
first_layer_weights7 = 12.5121
first_layer_weights8 = 12.3199
first_layer_weights9 = 12.2531
first_layer_weights10 = -12.4389
first_layer_weights11 = 12.3064
first_layer_weights12 = 12.2444
first_layer_weights13 = -12.2027
first_layer_weights14 = 11.8844
first_layer_weights15 = -12.2089
first_layer_weights16 = -12.3529
first_layer_weights17 = 12.3317
first_layer_weights18 = 12.7651
first_layer_weights19 = 12.6978
first_layer_weights20 = 12.7297
first_layer_weights21 = -13.0186
first_layer_weights22 = 13.0151
first_layer_weights23 = 13.2046
first_layer_weights24 = 13.2608
first_layer_weights25 = 13.53
first_layer_weights26 = 14.4691
first_layer_weights27 = -17.4389
first_layer_weights28 = 20.981
first_layer_weights29 = -23.9894
first_layer_bias0 = -18.6132
first_layer_bias1 = -16.9865
first_layer_bias2 = 14.249
first_layer_bias3 = -10.8615
first_layer_bias4 = -9.46558
first_layer_bias5 = 8.3839
first_layer_bias6 = 7.60523
first_layer_bias7 = -6.81528
first_layer_bias8 = -5.82833
first_layer_bias9 = -4.89987
first_layer_bias10 = 4.07126
first_layer_bias11 = -3.13732
first_layer_bias12 = -2.22256
first_layer_bias13 = 1.31644
first_layer_bias14 = -0.38363
first_layer_bias15 = -0.532812
first_layer_bias16 = -1.45134
first_layer_bias17 = 2.36528
first_layer_bias18 = 3.38124
first_layer_bias19 = 4.27844
first_layer_bias20 = 5.22102
first_layer_bias21 = -6.2801
first_layer_bias22 = 7.21128
first_layer_bias23 = 8.26289
first_layer_bias24 = 9.24663
first_layer_bias25 = 10.4079
first_layer_bias26 = 12.1536
first_layer_bias27 = -15.7236
first_layer_bias28 = 19.9984
first_layer_bias29 = -24.1088
second_layer_weights0 = 0.0539686
second_layer_weights1 = 0.0326801
second_layer_weights2 = -0.0343763
second_layer_weights3 = 0.0516798
second_layer_weights4 = 0.0480455
second_layer_weights5 = -0.0478174
second_layer_weights6 = -0.0442595
second_layer_weights7 = 0.0415511
second_layer_weights8 = 0.0430845
second_layer_weights9 = 0.0428694
second_layer_weights10 = -0.0395183
second_layer_weights11 = 0.0402188
second_layer_weights12 = 0.0393801
second_layer_weights13 = -0.0379074
second_layer_weights14 = 0.0407158
second_layer_weights15 = -0.0362517
second_layer_weights16 = -0.0349341
second_layer_weights17 = 0.0356177
second_layer_weights18 = 0.0313189
second_layer_weights19 = 0.032064
second_layer_weights20 = 0.0314964
second_layer_weights21 = -0.0288036
second_layer_weights22 = 0.0288848
second_layer_weights23 = 0.0271344
second_layer_weights24 = 0.0268874
second_layer_weights25 = 0.0263304
second_layer_weights26 = 0.0249292
second_layer_weights27 = -0.0180561
second_layer_weights28 = 0.0145445
second_layer_weights29 = -0.0178399
second_layer_bias = 0.027927
