iGrainGrowth = 1
iFissionProductDiffusivity = 1
iDiffusionSolver = 1
iIntraGranularBubbleBehavior = 1
iResolutionRate = 1
iTrappingRate = 1
iNucleationRate = 1
iOutput = 1
iGrainBoundaryVacancyDiffusivity = 2
iGrainBoundaryBehaviour = 1
iGrainBoundaryMicroCracking = 2
iFuelMatrix = 2
iGrainBoundaryVenting = 3
iRadioactiveFissionGas = 0
iHelium = 0
iHeDiffusivity = 0
iGrainBoundarySweeping = 0
iHighBurnupStructureFormation = 0
iHighBurnupStructurePorosity = 0
iHeliumProductionRate = 0
iStoichiometryDeviation = 9
iBubbleDiffusivity = 0
iChromiumSolubility = 0
iDensification = 0
iReleaseMode = 2
iThermochimica = 2
Grain radius[0] = 1e-05
Initial composition Xe0 = 0
Initial composition Xe1 = 0
Initial composition Xe2 = 0
Initial composition Xe3 = 0
Initial composition Xe4 = 0
Initial composition Xe5 = 0
Initial composition Kr0 = 0
Initial composition Kr1 = 0
Initial composition Kr2 = 0
Initial composition Kr3 = 0
Initial composition Kr4 = 0
Initial composition Kr5 = 0
Initial composition He0 = 0
Initial composition He1 = 0
Initial composition He2 = 0
Initial composition He3 = 0
Initial composition He4 = 0
Initial composition He5 = 0
Initial intragranular bubbles0 = 0
Initial intragranular bubbles1 = 0
Burn_up[0] = 0
Effective_burn_up[0] = 0
Irradiation_time[0] = 0
Fuel_density[0] = 10569.8
Initial composition U0 = 0
Initial composition U1 = 0.6
Initial composition U2 = 0
Initial composition U3 = 0
Initial composition U4 = 99.4
Initial composition Xe1330 = 0
Initial composition Xe1331 = 0
Initial composition Xe1332 = 0
Initial composition Xe1333 = 0
Initial composition Xe1334 = 0
Initial composition Xe1335 = 0
Initial composition Xe1336 = 0
Initial composition Kr85m0 = 0
Initial composition Kr85m1 = 0
Initial composition Kr85m2 = 0
Initial composition Kr85m3 = 0
Initial composition Kr85m4 = 0
Initial composition Kr85m5 = 0
Initial composition Kr85m6 = 0
Initial stoichiometry deviation[0] = -0.025
Chromium content = 0
Initial composition Pu0 = 1.3
Initial composition Pu1 = 60.4
Initial composition Pu2 = 23.4
Initial composition Pu3 = 10.4
Initial composition Pu4 = 4.5
q = 0.22
0	2000	3.45e+19	0	100000	1.975	
25.2252	2000	3.45e+19	0	100000	1.906	
428.829	2000	3.45e+19	0	100000	1.906	
454.054	2000	3.45e+19	0	100000	1.907	
882.883	2000	3.45e+19	0	100000	1.907	
908.108	2000	3.45e+19	0	100000	1.908	
983.784	2000	3.45e+19	0	100000	1.908	
1336.94	2000	3.45e+19	0	100000	1.908	
1362.16	2000	3.45e+19	0	100000	1.909	
1765.77	2000	3.45e+19	0	100000	1.909	
1790.99	2000	3.45e+19	0	100000	1.91	
1967.57	2000	3.45e+19	0	100000	1.91	
2219.82	2000	3.45e+19	0	100000	1.91	
2245.05	2000	3.45e+19	0	100000	1.911	
2673.87	2000	3.45e+19	0	100000	1.911	
2699.1	2000	3.45e+19	0	100000	1.912	
2951.35	2000	3.45e+19	0	100000	1.912	
3102.7	2000	3.45e+19	0	100000	1.912	
3127.93	2000	3.45e+19	0	100000	1.913	
3531.53	2000	3.45e+19	0	100000	1.913	
3556.76	2000	3.45e+19	0	100000	1.914	
3935.14	2000	3.45e+19	0	100000	1.914	
3960.36	2000	3.45e+19	0	100000	1.914	
3985.59	2000	3.45e+19	0	100000	1.915	
4389.19	2000	3.45e+19	0	100000	1.915	
4414.41	2000	3.45e+19	0	100000	1.916	
4818.02	2000	3.45e+19	0	100000	1.916	
4843.24	2000	3.45e+19	0	100000	1.917	
4918.92	2000	3.45e+19	0	100000	1.917	
5246.85	2000	3.45e+19	0	100000	1.917	
5272.07	2000	3.45e+19	0	100000	1.918	
5675.68	2000	3.45e+19	0	100000	1.918	
5700.9	2000	3.45e+19	0	100000	1.919	
5902.7	2000	3.45e+19	0	100000	1.919	
6104.5	2000	3.45e+19	0	100000	1.919	
6129.73	2000	3.45e+19	0	100000	1.92	
6508.11	2000	3.45e+19	0	100000	1.92	
6533.33	2000	3.45e+19	0	100000	1.921	
6886.49	2000	3.45e+19	0	100000	1.921	
6936.94	2000	3.45e+19	0	100000	1.921	
6962.16	2000	3.45e+19	0	100000	1.922	
7365.77	2000	3.45e+19	0	100000	1.922	
7390.99	2000	3.45e+19	0	100000	1.923	
7769.37	2000	3.45e+19	0	100000	1.923	
7794.59	2000	3.45e+19	0	100000	1.924	
7870.27	2000	3.45e+19	0	100000	1.924	
8198.2	2000	3.45e+19	0	100000	1.924	
8223.42	2000	3.45e+19	0	100000	1.925	
8601.8	2000	3.45e+19	0	100000	1.925	
8627.03	2000	3.45e+19	0	100000	1.926	
8854.05	2000	3.45e+19	0	100000	1.926	
9005.41	2000	3.45e+19	0	100000	1.926	
9030.63	2000	3.45e+19	0	100000	1.927	
9434.23	2000	3.45e+19	0	100000	1.927	
9459.46	2000	3.45e+19	0	100000	1.928	
9837.84	2000	3.45e+19	0	100000	1.928	
9863.06	2000	3.45e+19	0	100000	1.929	
10241.4	2000	3.45e+19	0	100000	1.929	
10266.7	2000	3.45e+19	0	100000	1.93	
10670.3	2000	3.45e+19	0	100000	1.93	
10695.5	2000	3.45e+19	0	100000	1.931	
10821.6	2000	3.45e+19	0	100000	1.931	
11073.9	2000	3.45e+19	0	100000	1.931	
11099.1	2000	3.45e+19	0	100000	1.932	
11477.5	2000	3.45e+19	0	100000	1.932	
11502.7	2000	3.45e+19	0	100000	1.933	
11805.4	2000	3.45e+19	0	100000	1.933	
11881.1	2000	3.45e+19	0	100000	1.933	
11906.3	2000	3.45e+19	0	100000	1.934	
12284.7	2000	3.45e+19	0	100000	1.934	
12309.9	2000	3.45e+19	0	100000	1.935	
12688.3	2000	3.45e+19	0	100000	1.935	
12713.5	2000	3.45e+19	0	100000	1.936	
12789.2	2000	3.45e+19	0	100000	1.936	
13091.9	2000	3.45e+19	0	100000	1.936	
13117.1	2000	3.45e+19	0	100000	1.937	
13495.5	2000	3.45e+19	0	100000	1.937	
13520.7	2000	3.45e+19	0	100000	1.938	
13773	2000	3.45e+19	0	100000	1.938	
13899.1	2000	3.45e+19	0	100000	1.938	
13924.3	2000	3.45e+19	0	100000	1.939	
14302.7	2000	3.45e+19	0	100000	1.939	
14327.9	2000	3.45e+19	0	100000	1.94	
14706.3	2000	3.45e+19	0	100000	1.94	
14731.5	2000	3.45e+19	0	100000	1.941	
14756.8	2000	3.45e+19	0	100000	1.941	
15109.9	2000	3.45e+19	0	100000	1.941	
15135.1	2000	3.45e+19	0	100000	1.942	
15513.5	2000	3.45e+19	0	100000	1.942	
15538.7	2000	3.45e+19	0	100000	1.943	
15740.5	2000	3.45e+19	0	100000	1.943	
15917.1	2000	3.45e+19	0	100000	1.943	
15942.3	2000	3.45e+19	0	100000	1.944	
16295.5	2000	3.45e+19	0	100000	1.944	
16320.7	2000	3.45e+19	0	100000	1.945	
16699.1	2000	3.45e+19	0	100000	1.945	
16724.3	2000	3.45e+19	0	100000	1.946	
17102.7	2000	3.45e+19	0	100000	1.946	
17127.9	2000	3.45e+19	0	100000	1.947	
17506.3	2000	3.45e+19	0	100000	1.947	
17531.5	2000	3.45e+19	0	100000	1.948	
17708.1	2000	3.45e+19	0	100000	1.948	
17884.7	2000	3.45e+19	0	100000	1.948	
17909.9	2000	3.45e+19	0	100000	1.949	
18288.3	2000	3.45e+19	0	100000	1.949	
18313.5	2000	3.45e+19	0	100000	1.95	
18691.9	2000	3.45e+19	0	100000	1.95	
18717.1	2000	3.45e+19	0	100000	1.951	
19070.3	2000	3.45e+19	0	100000	1.951	
19095.5	2000	3.45e+19	0	100000	1.952	
19473.9	2000	3.45e+19	0	100000	1.952	
19499.1	2000	3.45e+19	0	100000	1.953	
19675.7	2000	3.45e+19	0	100000	1.953	
19852.3	2000	3.45e+19	0	100000	1.953	
19877.5	2000	3.45e+19	0	100000	1.954	
20255.9	2000	3.45e+19	0	100000	1.954	
20281.1	2000	3.45e+19	0	100000	1.955	
20634.2	2000	3.45e+19	0	100000	1.955	
20659.5	2000	3.45e+19	0	100000	1.956	
21037.8	2000	3.45e+19	0	100000	1.956	
21063.1	2000	3.45e+19	0	100000	1.957	
21416.2	2000	3.45e+19	0	100000	1.957	
21441.4	2000	3.45e+19	0	100000	1.958	
21643.2	2000	3.45e+19	0	100000	1.958	
21819.8	2000	3.45e+19	0	100000	1.958	
21845	2000	3.45e+19	0	100000	1.959	
22198.2	2000	3.45e+19	0	100000	1.959	
22223.4	2000	3.45e+19	0	100000	1.96	
22576.6	2000	3.45e+19	0	100000	1.96	
22601.8	2000	3.45e+19	0	100000	1.961	
22627	2000	3.45e+19	0	100000	1.961	
22955	2000	3.45e+19	0	100000	1.961	
22980.2	2000	3.45e+19	0	100000	1.962	
23333.3	2000	3.45e+19	0	100000	1.962	
23358.6	2000	3.45e+19	0	100000	1.963	
23610.8	2000	3.45e+19	0	100000	1.963	
23711.7	2000	3.45e+19	0	100000	1.963	
23736.9	2000	3.45e+19	0	100000	1.964	
24090.1	2000	3.45e+19	0	100000	1.964	
24115.3	2000	3.45e+19	0	100000	1.965	
24468.5	2000	3.45e+19	0	100000	1.965	
24493.7	2000	3.45e+19	0	100000	1.966	
24594.6	2000	3.45e+19	0	100000	1.966	
24846.8	2000	3.45e+19	0	100000	1.966	
24872.1	2000	3.45e+19	0	100000	1.967	
25200	2000	3.45e+19	0	100000	1.967	
25200	2000	0	0	100000	1.967	
25224	300	0	0	100000	1.967	
sf_grain_boundary_energy = 1.4
sf_fabricated_porosity = 0.8
sf_atoms_per_vacancy = 1
sf_grain_edge_angle = 1
sf_cs_production = 0.060324
sf_dummy_1 = 1
sf_dummy_2 = 1
sf_dummy_3 = 1
sf_dummy_4 = 1
sf_dummy_5 = 1
