0.0000   2000   3.45e+19   0.00e+00   1.00e+05   1.975
25.2252   2000   3.45e+19   0.00e+00   1.00e+05   1.906
428.8288   2000   3.45e+19   0.00e+00   1.00e+05   1.906
454.0541   2000   3.45e+19   0.00e+00   1.00e+05   1.907
882.8829   2000   3.45e+19   0.00e+00   1.00e+05   1.907
908.1081   2000   3.45e+19   0.00e+00   1.00e+05   1.908
1336.9369   2000   3.45e+19   0.00e+00   1.00e+05   1.908
1362.1622   2000   3.45e+19   0.00e+00   1.00e+05   1.909
1765.7658   2000   3.45e+19   0.00e+00   1.00e+05   1.909
1790.9910   2000   3.45e+19   0.00e+00   1.00e+05   1.910
2219.8198   2000   3.45e+19   0.00e+00   1.00e+05   1.910
2245.0450   2000   3.45e+19   0.00e+00   1.00e+05   1.911
2673.8739   2000   3.45e+19   0.00e+00   1.00e+05   1.911
2699.0991   2000   3.45e+19   0.00e+00   1.00e+05   1.912
3102.7027   2000   3.45e+19   0.00e+00   1.00e+05   1.912
3127.9279   2000   3.45e+19   0.00e+00   1.00e+05   1.913
3531.5315   2000   3.45e+19   0.00e+00   1.00e+05   1.913
3556.7568   2000   3.45e+19   0.00e+00   1.00e+05   1.914
3960.3604   2000   3.45e+19   0.00e+00   1.00e+05   1.914
3985.5856   2000   3.45e+19   0.00e+00   1.00e+05   1.915
4389.1892   2000   3.45e+19   0.00e+00   1.00e+05   1.915
4414.4144   2000   3.45e+19   0.00e+00   1.00e+05   1.916
4818.0180   2000   3.45e+19   0.00e+00   1.00e+05   1.916
4843.2432   2000   3.45e+19   0.00e+00   1.00e+05   1.917
5246.8468   2000   3.45e+19   0.00e+00   1.00e+05   1.917
5272.0721   2000   3.45e+19   0.00e+00   1.00e+05   1.918
5675.6757   2000   3.45e+19   0.00e+00   1.00e+05   1.918
5700.9009   2000   3.45e+19   0.00e+00   1.00e+05   1.919
6104.5045   2000   3.45e+19   0.00e+00   1.00e+05   1.919
6129.7297   2000   3.45e+19   0.00e+00   1.00e+05   1.920
6508.1081   2000   3.45e+19   0.00e+00   1.00e+05   1.920
6533.3333   2000   3.45e+19   0.00e+00   1.00e+05   1.921
6936.9369   2000   3.45e+19   0.00e+00   1.00e+05   1.921
6962.1622   2000   3.45e+19   0.00e+00   1.00e+05   1.922
7365.7658   2000   3.45e+19   0.00e+00   1.00e+05   1.922
7390.9910   2000   3.45e+19   0.00e+00   1.00e+05   1.923
7769.3694   2000   3.45e+19   0.00e+00   1.00e+05   1.923
7794.5946   2000   3.45e+19   0.00e+00   1.00e+05   1.924
8198.1982   2000   3.45e+19   0.00e+00   1.00e+05   1.924
8223.4234   2000   3.45e+19   0.00e+00   1.00e+05   1.925
8601.8018   2000   3.45e+19   0.00e+00   1.00e+05   1.925
8627.0270   2000   3.45e+19   0.00e+00   1.00e+05   1.926
9005.4054   2000   3.45e+19   0.00e+00   1.00e+05   1.926
9030.6306   2000   3.45e+19   0.00e+00   1.00e+05   1.927
9434.2342   2000   3.45e+19   0.00e+00   1.00e+05   1.927
9459.4595   2000   3.45e+19   0.00e+00   1.00e+05   1.928
9837.8378   2000   3.45e+19   0.00e+00   1.00e+05   1.928
9863.0631   2000   3.45e+19   0.00e+00   1.00e+05   1.929
10241.4414   2000   3.45e+19   0.00e+00   1.00e+05   1.929
10266.6667   2000   3.45e+19   0.00e+00   1.00e+05   1.930
10670.2703   2000   3.45e+19   0.00e+00   1.00e+05   1.930
10695.4955   2000   3.45e+19   0.00e+00   1.00e+05   1.931
11073.8739   2000   3.45e+19   0.00e+00   1.00e+05   1.931
11099.0991   2000   3.45e+19   0.00e+00   1.00e+05   1.932
11477.4775   2000   3.45e+19   0.00e+00   1.00e+05   1.932
11502.7027   2000   3.45e+19   0.00e+00   1.00e+05   1.933
11881.0811   2000   3.45e+19   0.00e+00   1.00e+05   1.933
11906.3063   2000   3.45e+19   0.00e+00   1.00e+05   1.934
12284.6847   2000   3.45e+19   0.00e+00   1.00e+05   1.934
12309.9099   2000   3.45e+19   0.00e+00   1.00e+05   1.935
12688.2883   2000   3.45e+19   0.00e+00   1.00e+05   1.935
12713.5135   2000   3.45e+19   0.00e+00   1.00e+05   1.936
13091.8919   2000   3.45e+19   0.00e+00   1.00e+05   1.936
13117.1171   2000   3.45e+19   0.00e+00   1.00e+05   1.937
13495.4955   2000   3.45e+19   0.00e+00   1.00e+05   1.937
13520.7207   2000   3.45e+19   0.00e+00   1.00e+05   1.938
13899.0991   2000   3.45e+19   0.00e+00   1.00e+05   1.938
13924.3243   2000   3.45e+19   0.00e+00   1.00e+05   1.939
14302.7027   2000   3.45e+19   0.00e+00   1.00e+05   1.939
14327.9279   2000   3.45e+19   0.00e+00   1.00e+05   1.940
14706.3063   2000   3.45e+19   0.00e+00   1.00e+05   1.940
14731.5315   2000   3.45e+19   0.00e+00   1.00e+05   1.941
15109.9099   2000   3.45e+19   0.00e+00   1.00e+05   1.941
15135.1351   2000   3.45e+19   0.00e+00   1.00e+05   1.942
15513.5135   2000   3.45e+19   0.00e+00   1.00e+05   1.942
15538.7387   2000   3.45e+19   0.00e+00   1.00e+05   1.943
15917.1171   2000   3.45e+19   0.00e+00   1.00e+05   1.943
15942.3423   2000   3.45e+19   0.00e+00   1.00e+05   1.944
16295.4955   2000   3.45e+19   0.00e+00   1.00e+05   1.944
16320.7207   2000   3.45e+19   0.00e+00   1.00e+05   1.945
16699.0991   2000   3.45e+19   0.00e+00   1.00e+05   1.945
16724.3243   2000   3.45e+19   0.00e+00   1.00e+05   1.946
17102.7027   2000   3.45e+19   0.00e+00   1.00e+05   1.946
17127.9279   2000   3.45e+19   0.00e+00   1.00e+05   1.947
17506.3063   2000   3.45e+19   0.00e+00   1.00e+05   1.947
17531.5315   2000   3.45e+19   0.00e+00   1.00e+05   1.948
17884.6847   2000   3.45e+19   0.00e+00   1.00e+05   1.948
17909.9099   2000   3.45e+19   0.00e+00   1.00e+05   1.949
18288.2883   2000   3.45e+19   0.00e+00   1.00e+05   1.949
18313.5135   2000   3.45e+19   0.00e+00   1.00e+05   1.950
18691.8919   2000   3.45e+19   0.00e+00   1.00e+05   1.950
18717.1171   2000   3.45e+19   0.00e+00   1.00e+05   1.951
19070.2703   2000   3.45e+19   0.00e+00   1.00e+05   1.951
19095.4955   2000   3.45e+19   0.00e+00   1.00e+05   1.952
19473.8739   2000   3.45e+19   0.00e+00   1.00e+05   1.952
19499.0991   2000   3.45e+19   0.00e+00   1.00e+05   1.953
19852.2523   2000   3.45e+19   0.00e+00   1.00e+05   1.953
19877.4775   2000   3.45e+19   0.00e+00   1.00e+05   1.954
20255.8559   2000   3.45e+19   0.00e+00   1.00e+05   1.954
20281.0811   2000   3.45e+19   0.00e+00   1.00e+05   1.955
20634.2342   2000   3.45e+19   0.00e+00   1.00e+05   1.955
20659.4595   2000   3.45e+19   0.00e+00   1.00e+05   1.956
21037.8378   2000   3.45e+19   0.00e+00   1.00e+05   1.956
21063.0631   2000   3.45e+19   0.00e+00   1.00e+05   1.957
21416.2162   2000   3.45e+19   0.00e+00   1.00e+05   1.957
21441.4414   2000   3.45e+19   0.00e+00   1.00e+05   1.958
21819.8198   2000   3.45e+19   0.00e+00   1.00e+05   1.958
21845.0450   2000   3.45e+19   0.00e+00   1.00e+05   1.959
22198.1982   2000   3.45e+19   0.00e+00   1.00e+05   1.959
22223.4234   2000   3.45e+19   0.00e+00   1.00e+05   1.960
22576.5766   2000   3.45e+19   0.00e+00   1.00e+05   1.960
22601.8018   2000   3.45e+19   0.00e+00   1.00e+05   1.961
22954.9550   2000   3.45e+19   0.00e+00   1.00e+05   1.961
22980.1802   2000   3.45e+19   0.00e+00   1.00e+05   1.962
23333.3333   2000   3.45e+19   0.00e+00   1.00e+05   1.962
23358.5586   2000   3.45e+19   0.00e+00   1.00e+05   1.963
23711.7117   2000   3.45e+19   0.00e+00   1.00e+05   1.963
23736.9369   2000   3.45e+19   0.00e+00   1.00e+05   1.964
24090.0901   2000   3.45e+19   0.00e+00   1.00e+05   1.964
24115.3153   2000   3.45e+19   0.00e+00   1.00e+05   1.965
24468.4685   2000   3.45e+19   0.00e+00   1.00e+05   1.965
24493.6937   2000   3.45e+19   0.00e+00   1.00e+05   1.966
24846.8468   2000   3.45e+19   0.00e+00   1.00e+05   1.966
24872.0721   2000   3.45e+19   0.00e+00   1.00e+05   1.967
25200.0000   2000   3.45e+19   0.00e+00   1.00e+05   1.967
25200.0001   2000   0.00e+00   0.00e+00   1.00e+05   1.967
25224.0000   300   0.00e+00   0.00e+00   1.00e+05   1.967
