iGrainGrowth = 1
iFissionProductDiffusivity = 1
iDiffusionSolver = 1
iIntraGranularBubbleBehavior = 1
iResolutionRate = 1
iTrappingRate = 1
iNucleationRate = 1
iOutput = 1
iGrainBoundaryVacancyDiffusivity = 2
iGrainBoundaryBehaviour = 1
iGrainBoundaryMicroCracking = 2
iFuelMatrix = 2
iGrainBoundaryVenting = 3
iRadioactiveFissionGas = 0
iHelium = 0
iHeDiffusivity = 0
iGrainBoundarySweeping = 0
iHighBurnupStructureFormation = 0
iHighBurnupStructurePorosity = 0
iHeliumProductionRate = 0
iStoichiometryDeviation = 9
iBubbleDiffusivity = 0
iChromiumSolubility = 0
iDensification = 0
iReleaseMode = 2
iThermochimica = 2
Grain radius[0] = 1e-05
Initial composition Xe0 = 0
Initial composition Xe1 = 0
Initial composition Xe2 = 0
Initial composition Xe3 = 0
Initial composition Xe4 = 0
Initial composition Xe5 = 0
Initial composition Kr0 = 0
Initial composition Kr1 = 0
Initial composition Kr2 = 0
Initial composition Kr3 = 0
Initial composition Kr4 = 0
Initial composition Kr5 = 0
Initial composition He0 = 0
Initial composition He1 = 0
Initial composition He2 = 0
Initial composition He3 = 0
Initial composition He4 = 0
Initial composition He5 = 0
Initial intragranular bubbles0 = 0
Initial intragranular bubbles1 = 0
Burn_up[0] = 0
Effective_burn_up[0] = 0
Irradiation_time[0] = 0
Fuel_density[0] = 10569.8
Initial composition U0 = 0
Initial composition U1 = 0.6
Initial composition U2 = 0
Initial composition U3 = 0
Initial composition U4 = 99.4
Initial composition Xe1330 = 0
Initial composition Xe1331 = 0
Initial composition Xe1332 = 0
Initial composition Xe1333 = 0
Initial composition Xe1334 = 0
Initial composition Xe1335 = 0
Initial composition Xe1336 = 0
Initial composition Kr85m0 = 0
Initial composition Kr85m1 = 0
Initial composition Kr85m2 = 0
Initial composition Kr85m3 = 0
Initial composition Kr85m4 = 0
Initial composition Kr85m5 = 0
Initial composition Kr85m6 = 0
Initial stoichiometry deviation[0] = -0.025
Chromium content = 0
Initial composition Pu0 = 1.3
Initial composition Pu1 = 60.4
Initial composition Pu2 = 23.4
Initial composition Pu3 = 10.4
Initial composition Pu4 = 4.5
q = 0.22
0	1900	3.45e+19	0	100000	1.975	
25.2252	1900	3.45e+19	0	100000	1.907	
378.378	1900	3.45e+19	0	100000	1.907	
403.604	1900	3.45e+19	0	100000	1.908	
832.432	1900	3.45e+19	0	100000	1.908	
857.658	1900	3.45e+19	0	100000	1.909	
1261.26	1900	3.45e+19	0	100000	1.909	
1286.49	1900	3.45e+19	0	100000	1.91	
1690.09	1900	3.45e+19	0	100000	1.91	
1715.32	1900	3.45e+19	0	100000	1.911	
2118.92	1900	3.45e+19	0	100000	1.911	
2144.14	1900	3.45e+19	0	100000	1.912	
2547.75	1900	3.45e+19	0	100000	1.912	
2572.97	1900	3.45e+19	0	100000	1.913	
2951.35	1900	3.45e+19	0	100000	1.913	
2976.58	1900	3.45e+19	0	100000	1.914	
3380.18	1900	3.45e+19	0	100000	1.914	
3405.41	1900	3.45e+19	0	100000	1.915	
3783.78	1900	3.45e+19	0	100000	1.915	
3809.01	1900	3.45e+19	0	100000	1.916	
4212.61	1900	3.45e+19	0	100000	1.916	
4237.84	1900	3.45e+19	0	100000	1.917	
4616.22	1900	3.45e+19	0	100000	1.917	
4641.44	1900	3.45e+19	0	100000	1.918	
5019.82	1900	3.45e+19	0	100000	1.918	
5045.05	1900	3.45e+19	0	100000	1.919	
5423.42	1900	3.45e+19	0	100000	1.919	
5448.65	1900	3.45e+19	0	100000	1.92	
5827.03	1900	3.45e+19	0	100000	1.92	
5852.25	1900	3.45e+19	0	100000	1.921	
6230.63	1900	3.45e+19	0	100000	1.921	
6255.86	1900	3.45e+19	0	100000	1.922	
6634.23	1900	3.45e+19	0	100000	1.922	
6659.46	1900	3.45e+19	0	100000	1.923	
7012.61	1900	3.45e+19	0	100000	1.923	
7037.84	1900	3.45e+19	0	100000	1.924	
7416.22	1900	3.45e+19	0	100000	1.924	
7441.44	1900	3.45e+19	0	100000	1.925	
7794.59	1900	3.45e+19	0	100000	1.925	
7819.82	1900	3.45e+19	0	100000	1.926	
8198.2	1900	3.45e+19	0	100000	1.926	
8223.42	1900	3.45e+19	0	100000	1.927	
8576.58	1900	3.45e+19	0	100000	1.927	
8601.8	1900	3.45e+19	0	100000	1.928	
8980.18	1900	3.45e+19	0	100000	1.928	
9005.41	1900	3.45e+19	0	100000	1.929	
9358.56	1900	3.45e+19	0	100000	1.929	
9383.78	1900	3.45e+19	0	100000	1.93	
9736.94	1900	3.45e+19	0	100000	1.93	
9762.16	1900	3.45e+19	0	100000	1.931	
10115.3	1900	3.45e+19	0	100000	1.931	
10140.5	1900	3.45e+19	0	100000	1.932	
10493.7	1900	3.45e+19	0	100000	1.932	
10518.9	1900	3.45e+19	0	100000	1.933	
10872.1	1900	3.45e+19	0	100000	1.933	
10897.3	1900	3.45e+19	0	100000	1.934	
11250.5	1900	3.45e+19	0	100000	1.934	
11275.7	1900	3.45e+19	0	100000	1.935	
11628.8	1900	3.45e+19	0	100000	1.935	
11654.1	1900	3.45e+19	0	100000	1.936	
12007.2	1900	3.45e+19	0	100000	1.936	
12032.4	1900	3.45e+19	0	100000	1.937	
12385.6	1900	3.45e+19	0	100000	1.937	
12410.8	1900	3.45e+19	0	100000	1.938	
12738.7	1900	3.45e+19	0	100000	1.938	
12764	1900	3.45e+19	0	100000	1.939	
13117.1	1900	3.45e+19	0	100000	1.939	
13142.3	1900	3.45e+19	0	100000	1.94	
13495.5	1900	3.45e+19	0	100000	1.94	
13520.7	1900	3.45e+19	0	100000	1.941	
13848.6	1900	3.45e+19	0	100000	1.941	
13873.9	1900	3.45e+19	0	100000	1.942	
14227	1900	3.45e+19	0	100000	1.942	
14252.3	1900	3.45e+19	0	100000	1.943	
14580.2	1900	3.45e+19	0	100000	1.943	
14605.4	1900	3.45e+19	0	100000	1.944	
14958.6	1900	3.45e+19	0	100000	1.944	
14983.8	1900	3.45e+19	0	100000	1.945	
15311.7	1900	3.45e+19	0	100000	1.945	
15336.9	1900	3.45e+19	0	100000	1.946	
15690.1	1900	3.45e+19	0	100000	1.946	
15715.3	1900	3.45e+19	0	100000	1.947	
16043.2	1900	3.45e+19	0	100000	1.947	
16068.5	1900	3.45e+19	0	100000	1.948	
16396.4	1900	3.45e+19	0	100000	1.948	
16421.6	1900	3.45e+19	0	100000	1.949	
16749.5	1900	3.45e+19	0	100000	1.949	
16774.8	1900	3.45e+19	0	100000	1.95	
17102.7	1900	3.45e+19	0	100000	1.95	
17127.9	1900	3.45e+19	0	100000	1.951	
17481.1	1900	3.45e+19	0	100000	1.951	
17506.3	1900	3.45e+19	0	100000	1.952	
17834.2	1900	3.45e+19	0	100000	1.952	
17859.5	1900	3.45e+19	0	100000	1.953	
18187.4	1900	3.45e+19	0	100000	1.953	
18212.6	1900	3.45e+19	0	100000	1.954	
18540.5	1900	3.45e+19	0	100000	1.954	
18565.8	1900	3.45e+19	0	100000	1.955	
18893.7	1900	3.45e+19	0	100000	1.955	
18918.9	1900	3.45e+19	0	100000	1.956	
19246.8	1900	3.45e+19	0	100000	1.956	
19272.1	1900	3.45e+19	0	100000	1.957	
19600	1900	3.45e+19	0	100000	1.957	
19625.2	1900	3.45e+19	0	100000	1.958	
19927.9	1900	3.45e+19	0	100000	1.958	
19953.2	1900	3.45e+19	0	100000	1.959	
20281.1	1900	3.45e+19	0	100000	1.959	
20306.3	1900	3.45e+19	0	100000	1.96	
20634.2	1900	3.45e+19	0	100000	1.96	
20659.5	1900	3.45e+19	0	100000	1.961	
20987.4	1900	3.45e+19	0	100000	1.961	
21012.6	1900	3.45e+19	0	100000	1.962	
21315.3	1900	3.45e+19	0	100000	1.962	
21340.5	1900	3.45e+19	0	100000	1.963	
21668.5	1900	3.45e+19	0	100000	1.963	
21693.7	1900	3.45e+19	0	100000	1.964	
22021.6	1900	3.45e+19	0	100000	1.964	
22046.8	1900	3.45e+19	0	100000	1.965	
22374.8	1900	3.45e+19	0	100000	1.965	
22400	1900	3.45e+19	0	100000	1.966	
22702.7	1900	3.45e+19	0	100000	1.966	
22727.9	1900	3.45e+19	0	100000	1.967	
23055.9	1900	3.45e+19	0	100000	1.967	
23081.1	1900	3.45e+19	0	100000	1.968	
23383.8	1900	3.45e+19	0	100000	1.968	
23409	1900	3.45e+19	0	100000	1.969	
23736.9	1900	3.45e+19	0	100000	1.969	
23762.2	1900	3.45e+19	0	100000	1.97	
24064.9	1900	3.45e+19	0	100000	1.97	
24090.1	1900	3.45e+19	0	100000	1.971	
24418	1900	3.45e+19	0	100000	1.971	
24443.2	1900	3.45e+19	0	100000	1.972	
24771.2	1900	3.45e+19	0	100000	1.972	
24796.4	1900	3.45e+19	0	100000	1.973	
25099.1	1900	3.45e+19	0	100000	1.973	
25124.3	1900	3.45e+19	0	100000	1.974	
25200	1900	3.45e+19	0	100000	1.974	
25200	1900	0	0	100000	1.974	
25224	300	0	0	100000	1.974	
sf_grain_boundary_energy = 1.4
sf_fabricated_porosity = 0.8
sf_atoms_per_vacancy = 1
sf_grain_edge_angle = 1
sf_cs_production = 0.07
sf_dummy_1 = 1
sf_dummy_2 = 1
sf_dummy_3 = 1
sf_dummy_4 = 1
sf_dummy_5 = 1
