0.0000   1560   3.45e+19   0.00e+00   1.00e+05   1.975
25.2252   1560   3.45e+19   0.00e+00   1.00e+05   1.995
1690.0901   1560   3.45e+19   0.00e+00   1.00e+05   1.995
1715.3153   1560   3.45e+19   0.00e+00   1.00e+05   1.996
6003.6036   1560   3.45e+19   0.00e+00   1.00e+05   1.996
6028.8288   1560   3.45e+19   0.00e+00   1.00e+05   1.997
11906.3063   1560   3.45e+19   0.00e+00   1.00e+05   1.997
11931.5315   1560   3.45e+19   0.00e+00   1.00e+05   1.998
19978.3784   1560   3.45e+19   0.00e+00   1.00e+05   1.998
20003.6036   1560   3.45e+19   0.00e+00   1.00e+05   1.999
25200.0000   1560   3.45e+19   0.00e+00   1.00e+05   1.999
25200.0001   1560   0.00e+00   0.00e+00   1.00e+05   1.999
25224.0000   300   0.00e+00   0.00e+00   1.00e+05   1.999
