0.0000   1.955512e+03   4.223134e+19   0.000000e+00   2.000000e+05   1.975000e+00
2284.4444   1.955512e+03   4.223134e+19   0.000000e+00   6.222222e+05   1.936376e+00
4568.8889   1.955512e+03   4.223134e+19   0.000000e+00   1.044444e+06   1.939137e+00
6853.3333   1.955512e+03   4.223134e+19   0.000000e+00   1.466667e+06   1.941874e+00
9137.7778   1.955512e+03   4.223134e+19   0.000000e+00   1.888889e+06   1.944581e+00
11422.2222   1.955512e+03   4.223134e+19   0.000000e+00   2.311111e+06   1.947258e+00
13706.6667   1.955512e+03   4.223134e+19   0.000000e+00   2.733333e+06   1.949909e+00
15991.1111   1.955512e+03   4.223134e+19   0.000000e+00   3.155556e+06   1.952551e+00
18275.5556   1.955512e+03   4.223134e+19   0.000000e+00   3.577778e+06   1.955222e+00
20560.0000   1.955512e+03   4.223134e+19   0.000000e+00   4.000000e+06   1.957996e+00
