# Fig. 9. 85Kr cumulated and instantaneous release during the OOP annealing test.
Time (min);Release(%)
67.93;0.16
69.44;0.26
70.95;0.38
72.46;0.63
73.97;0.86
75.49;1.30
77.00;1.84
78.38;2.54
79.55;3.18
80.58;3.80
81.55;4.42
82.51;5.07
83.41;5.67
84.30;6.32
85.27;7.02
86.17;7.63
86.71;8.37
87.14;9.05
87.55;9.69
87.98;10.37
88.51;11.12
88.94;11.83
89.31;12.51
89.59;13.26
89.87;13.99
90.14;14.74
90.42;15.50
90.70;16.23
90.98;16.98
91.26;17.72
91.54;18.45
91.82;19.21
92.10;19.94
92.38;20.66
92.65;21.37
92.93;22.08
93.21;22.79
93.49;23.49
93.77;24.20
94.05;24.91
94.33;25.62
94.66;26.37
94.95;27.15
95.43;29.97
95.35;27.96
95.63;28.64
96.04;29.40
97.00;30.30
98.18;30.61
98.45;30.02
100.08;29.82
101.47;29.70
102.98;29.71
104.54;29.72
105.94;29.72
107.51;29.91
108.99;29.90
110.53;29.75
112.04;29.69
113.55;29.62
115.06;29.56
116.57;29.56
118.09;29.56
119.60;29.59
121.11;29.65
122.62;29.65
124.13;29.65
125.64;29.65
127.15;29.65
128.66;29.65
130.17;29.65
131.68;29.65
133.19;29.65
134.70;29.65
136.21;29.66
137.72;29.66
139.24;29.66
140.75;29.66
142.26;29.72
143.63;29.83