# Fig. 9. 85Kr cumulated and instantaneous release during the OOP annealing test.
Time (min);Release(%)
67.23;0.00
68.88;0.00
70.33;0.00
71.88;0.00
73.43;0.00
74.77;0.00
75.54;0.01
76.32;0.01
77.10;0.01
77.80;0.01
78.51;0.01
79.64;0.01
81.05;0.01
82.17;0.01
83.22;0.01
84.34;0.01
85.72;0.01
86.54;0.01
86.81;0.01
86.52;0.01
87.01;0.01
87.32;0.02
87.25;0.02
87.24;0.02
87.68;0.02
87.74;0.02
87.93;0.03
88.12;0.03
88.33;0.03
88.65;0.04
88.55;0.03
88.84;0.04
89.06;0.04
89.34;0.04
89.63;0.05
89.99;0.05
89.84;0.05
90.10;0.05
90.40;0.06
90.64;0.06
90.50;0.06
90.84;0.06
90.96;0.06
91.22;0.07
91.82;0.07
92.62;0.07
92.26;0.07
92.85;0.07
93.06;0.07
93.21;0.06
93.14;0.06
93.32;0.06
93.50;0.06
93.59;0.05
93.72;0.05
93.72;0.05
93.67;0.05
93.83;0.05
93.99;0.04
93.99;0.04
94.11;0.04
94.12;0.04
94.28;0.04
94.21;0.04
94.37;0.03
94.38;0.03
94.38;0.03
94.51;0.03
94.69;0.02
94.64;0.02
94.64;0.02
95.13;0.00
94.76;0.02
94.96;0.02
95.05;0.02
95.14;0.01
95.25;0.01
95.28;0.01
95.43;0.01
95.59;0.01
95.75;0.00
95.97;0.00
96.69;0.00
98.18;0.00
99.70;0.00
99.73;0.00
101.27;0.00
102.16;0.00
103.11;0.00
104.37;0.00
105.32;0.00
105.96;0.00
106.07;0.00
106.18;0.01
106.28;0.01
107.03;0.00
107.46;0.00
109.01;0.00
110.56;0.00
112.11;0.00
113.65;0.00
115.20;0.00
116.75;0.00
118.30;0.00
119.84;0.00
122.24;0.00
123.78;0.00
125.33;0.00
126.88;0.00
128.43;0.00
129.97;0.00
131.52;0.00
133.07;0.00
134.61;0.00
136.16;0.00
137.71;0.00
139.32;0.00
140.75;0.00
142.35;0.00
143.90;0.00
144.95;0.00