# Fig. 9. 85Kr cumulated and instantaneous release during the OOP annealing test.
Time (min);Temperature(°C)
0.63;30.56
0.92;66.90
1.19;112.49
1.93;146.96
2.68;178.81
2.94;212.55
3.42;240.55
3.98;266.00
4.74;300.51
6.24;296.37
7.76;298.84
9.27;299.37
10.79;299.48
12.30;299.48
13.81;299.48
15.33;299.48
16.84;299.48
18.36;299.48
19.87;304.74
21.39;323.11
22.90;340.84
24.42;358.77
25.93;377.89
27.44;395.94
28.96;414.20
30.47;433.43
31.99;451.47
33.50;469.41
35.02;488.42
36.53;506.25
38.05;524.83
39.56;543.63
41.07;562.11
42.59;580.15
44.10;598.63
45.62;617.10
47.13;635.58
48.65;654.16
50.16;672.42
51.67;690.57
53.19;709.15
54.70;727.41
56.22;746.00
57.73;764.58
59.25;783.70
60.76;801.64
62.28;820.00
63.79;838.91
65.30;857.06
66.82;875.21
68.33;893.37
69.85;912.27
71.36;930.53
72.88;948.79
74.39;968.02
75.91;985.85
77.42;1004.54
78.93;1023.34
80.45;1040.74
81.96;1059.64
83.48;1077.79
84.99;1095.62
86.51;1114.64
88.02;1133.54
89.54;1151.26
91.05;1170.06
92.56;1188.43
94.08;1200.35
95.69;1197.04
96.99;1203.74
98.62;1200.39
100.23;1196.02
101.65;1190.03
103.07;1195.94
104.81;1193.03
106.07;1194.15
107.71;1199.33
108.81;1082.99
108.88;1164.76
108.88;1138.77
108.88;1112.78
109.09;1189.84
109.10;948.99
109.15;1054.88
109.15;1028.89
109.15;1002.89
109.15;976.90
109.29;921.96
109.38;863.75
109.48;894.30
109.57;837.08
109.66;783.41
109.70;811.09
109.87;724.25
109.87;756.23
110.08;693.53
110.32;661.03
110.48;626.41
110.72;590.44
111.00;555.77
111.38;519.25
111.74;483.35
112.25;441.50
112.84;406.89
113.37;373.68
114.06;341.75
114.78;311.83
115.54;282.62
116.31;257.83
117.20;232.95
118.55;205.16
120.10;177.46
121.61;155.76
123.13;136.86
124.64;120.64
126.16;107.54
127.67;96.79
129.19;87.56
130.70;79.82
132.21;72.20
133.73;67.04
135.24;62.42
136.76;57.37
138.27;53.51
139.79;49.64
141.30;47.49
142.82;45.56
143.92;44.74