calibration front: 75 fits (ABC x w_r (0.0, 0.01, 0.05, 0.2, 1.0) x w_X (0.0, 0.1, 0.3, 1.0, 3.0)), 14 workers, dataset /home/ecappellari/Work/sciantix-official/utilities/HBSformation/data

  set   w_r    w_X     k       beta    rho_crit    RMSE on all data: Θ(°)  X(–)   r_n(µm)   Σ/σ   Pareto
  A   0.00   0.00       50    67.73  1.128e+15         1.753   0.182  16.871  141.806   
  A   0.00   0.10       50    67.17  1.126e+15         1.759   0.183  16.871  141.810   
  A   0.00   0.30       50    66.42  1.122e+15         1.768   0.184  16.871  141.816   
  A   0.00   1.00       50    65.26  1.115e+15         1.783   0.186  16.871  141.826   
  A   0.00   3.00       50    62.69  9.253e+14         1.817   0.188  16.871  141.841   
  A   0.01   0.00   0.6062    20.77  1.105e+15         1.733   0.179   0.190   2.542   
  A   0.01   0.10   0.6078    20.59  1.103e+15         1.738   0.180   0.188   2.529   
  A   0.01   0.30   0.6021    20.35  1.103e+15         1.747   0.181   0.185   2.514   
  A   0.01   1.00   0.5923    19.93  1.099e+15         1.763   0.184   0.181   2.485   
  A   0.01   3.00   0.5783     19.1  9.070e+14         1.794   0.185   0.151   2.248   
  A   0.05   0.00    0.623     21.2  1.077e+15         1.721   0.177   0.185   2.494   
  A   0.05   0.10   0.6192    21.05  1.085e+15         1.724   0.178   0.186   2.507   
  A   0.05   0.30   0.6134    20.82  1.097e+15         1.731   0.179   0.188   2.526   
  A   0.05   1.00   0.6019    20.35  1.114e+15         1.747   0.182   0.190   2.554   
  A   0.05   3.00   0.5903    19.89  1.134e+15         1.767   0.184   0.194   2.602   
  A   0.20   0.00   0.9847    20.28  5.820e+14         1.861   0.189   0.142   2.207   
  A   0.20   0.10   0.9861    20.23  5.891e+14         1.862   0.190   0.142   2.211   
  A   0.20   0.30   0.9926    20.16  5.891e+14         1.867   0.190   0.143   2.215   
  A   0.20   1.00   0.9929    20.01  6.180e+14         1.871   0.192   0.144   2.230   
  A   0.20   3.00   0.9763    19.92  6.762e+14         1.869   0.193   0.147   2.255   
  A   1.00   0.00    0.001    38.57  1.108e+15         2.128   0.265   0.160   2.637   
  A   1.00   0.10    0.001     38.4  1.120e+15         2.106   0.262   0.166   2.671   
  A   1.00   0.30    0.001    38.11  1.138e+15         2.074   0.258   0.175   2.730   
  A   1.00   1.00    1.177    19.88  1.977e+14         1.957   0.196   0.134   2.182   
  A   1.00   3.00    1.106    19.93  3.699e+14         1.915   0.194   0.137   2.190   
  B   0.00   0.00       50    82.27  1.190e+15         1.709   0.178  16.866  141.741   
  B   0.00   0.10       50    81.99  1.191e+15         1.709   0.178  16.866  141.741   
  B   0.00   0.30       50    75.46  1.163e+15         1.711   0.177  16.867  141.751   
  B   0.00   1.00       50    75.16  1.154e+15         1.711   0.177  16.867  141.752   
  B   0.00   3.00       50    74.66  1.118e+15         1.714   0.177  16.868  141.754   
  B   0.01   0.00   0.2981    22.81  1.089e+15         1.709   0.176   0.165   2.317   *
  B   0.01   0.10   0.2989    22.77  1.090e+15         1.709   0.176   0.165   2.320   *
  B   0.01   0.30   0.2989    22.72  1.092e+15         1.708   0.176   0.165   2.323   *
  B   0.01   1.00   0.6442    22.08  9.575e+14         1.720   0.175   0.163   2.301   *
  B   0.01   3.00   0.6501    22.21  9.611e+14         1.718   0.175   0.165   2.320   *
  B   0.05   0.00   0.6381     21.4  7.681e+14         1.760   0.176   0.138   2.108   *
  B   0.05   0.10   0.6379    21.41  7.743e+14         1.759   0.176   0.138   2.111   *
  B   0.05   0.30   0.6381    21.43  7.849e+14         1.756   0.176   0.139   2.116   *
  B   0.05   1.00   0.6391    21.51  8.118e+14         1.750   0.176   0.141   2.130   *
  B   0.05   3.00   0.6421     21.7  8.547e+14         1.741   0.175   0.146   2.164   *
  B   0.20   0.00   0.7182     21.6  4.836e+14         1.835   0.182   0.128   2.057   *
  B   0.20   0.10    0.716    21.54  5.010e+14         1.829   0.181   0.128   2.058   *
  B   0.20   0.30   0.7128    21.44  5.279e+14         1.820   0.180   0.129   2.060   *
  B   0.20   1.00   0.6822    21.42  6.082e+14         1.796   0.178   0.131   2.069   *
  B   0.20   3.00   0.6604    21.39  7.011e+14         1.774   0.177   0.135   2.088   *
  B   1.00   0.00    0.001     38.2  6.992e+14         2.635   0.319   0.076   2.223   *
  B   1.00   0.10    0.001    37.78  7.271e+14         2.573   0.311   0.079   2.202   *
  B   1.00   0.30    0.001     37.2  7.654e+14         2.489   0.300   0.082   2.179   *
  B   1.00   1.00    0.001    35.48  8.548e+14         2.287   0.271   0.094   2.145   *
  B   1.00   3.00   0.7997    21.27  3.239e+14         1.884   0.185   0.124   2.055   *
  C   0.00   0.00       50    73.69  1.159e+15         1.714   0.177  16.868  141.760   
  C   0.00   0.10       50    73.41  1.157e+15         1.714   0.177  16.868  141.762   
  C   0.00   0.30       50    73.05  1.154e+15         1.716   0.177  16.869  141.765   
  C   0.00   1.00       50    72.47  1.147e+15         1.718   0.178  16.869  141.770   
  C   0.00   3.00       50    72.01  1.136e+15         1.720   0.178  16.869  141.773   
  C   0.01   0.00   0.5137    21.82  1.037e+15         1.717   0.176   0.164   2.310   *
  C   0.01   0.10   0.6081    21.58  9.927e+14         1.720   0.176   0.163   2.302   *
  C   0.01   0.30   0.6212    21.55  9.869e+14         1.720   0.176   0.163   2.303   *
  C   0.01   1.00   0.6336     21.5  9.711e+14         1.722   0.176   0.161   2.286   *
  C   0.01   3.00   0.6329    21.46  9.602e+14         1.724   0.176   0.158   2.268   *
  C   0.05   0.00   0.6551    21.29  8.054e+14         1.752   0.176   0.141   2.130   *
  C   0.05   0.10   0.6456     21.3  8.201e+14         1.749   0.176   0.142   2.136   *
  C   0.05   0.30   0.6338    21.29  8.403e+14         1.746   0.176   0.143   2.145   *
  C   0.05   1.00   0.6307    21.22  8.634e+14         1.742   0.176   0.145   2.159   *
  C   0.05   3.00   0.6296    21.22  8.907e+14         1.738   0.176   0.148   2.181   *
  C   0.20   0.00   0.8626    20.94  3.772e+14         1.865   0.185   0.126   2.065   *
  C   0.20   0.10   0.8635     20.9  3.828e+14         1.864   0.185   0.127   2.065   *
  C   0.20   0.30    0.785    21.15  5.135e+14         1.830   0.182   0.129   2.069   
  C   0.20   1.00   0.6788    21.37  6.854e+14         1.778   0.177   0.134   2.085   *
  C   0.20   3.00   0.6532    21.18  7.713e+14         1.759   0.176   0.138   2.112   
  C   1.00   0.00    0.001    38.77  7.461e+14         2.612   0.319   0.078   2.231   *
  C   1.00   0.10    0.001     38.5  7.671e+14         2.568   0.313   0.080   2.218   *
  C   1.00   0.30    0.001    37.87  8.066e+14         2.478   0.301   0.084   2.192   *
  C   1.00   1.00   0.9392    21.05  1.208e+14         1.951   0.189   0.123   2.067   *
  C   1.00   3.00   0.9132    20.85  2.492e+14         1.906   0.187   0.124   2.064   *

  smallest normalised error sum on all data: data set B, w_r = 1, w_X = 3 (Σ RMSE/σ = 2.055)

written: /home/ecappellari/Work/sciantix-official/utilities/HBSformation/figures/calibration/front.csv, front.png
