0.0000   9.090505e+02   3.450000e+19   0.000000e+00   1.000000e+05   1.975000e+00
2800.0000   9.090505e+02   3.450000e+19   0.000000e+00   1.000000e+05   2.000000e+00
5600.0000   9.090505e+02   3.450000e+19   0.000000e+00   1.000000e+05   2.000000e+00
8400.0000   9.090505e+02   3.450000e+19   0.000000e+00   1.000000e+05   2.000000e+00
11200.0000   9.090505e+02   3.450000e+19   0.000000e+00   1.000000e+05   2.000000e+00
14000.0000   9.090505e+02   3.450000e+19   0.000000e+00   1.000000e+05   2.000000e+00
16800.0000   9.090505e+02   3.450000e+19   0.000000e+00   1.000000e+05   2.000000e+00
19600.0000   9.090505e+02   3.450000e+19   0.000000e+00   1.000000e+05   2.000000e+00
22400.0000   9.090505e+02   3.450000e+19   0.000000e+00   1.000000e+05   2.000000e+00
25200.0000   9.090505e+02   3.450000e+19   0.000000e+00   1.000000e+05   2.000000e+00
