input_maxima = 1.98e+07
input_minima = 0
target_minima = 0
target_maxima = 2.016e+18
xmax = 1
xmin = 0
ymax = 1
ymin = -1
first_layer_weights0 = -19.9925
first_layer_weights1 = 18.2521
first_layer_weights2 = 16.6078
first_layer_weights3 = -14.0453
first_layer_weights4 = 13.119
first_layer_weights5 = -12.8844
first_layer_weights6 = 12.4042
first_layer_weights7 = -12.7236
first_layer_weights8 = 12.7383
first_layer_weights9 = 12.5746
first_layer_weights10 = -12.3497
first_layer_weights11 = 12.2618
first_layer_weights12 = 12.4105
first_layer_weights13 = -12.2657
first_layer_weights14 = -12.1314
first_layer_weights15 = 12.0616
first_layer_weights16 = -12.308
first_layer_weights17 = -12.3389
first_layer_weights18 = -12.339
first_layer_weights19 = 12.3158
first_layer_weights20 = -12.4556
first_layer_weights21 = 12.7724
first_layer_weights22 = -12.8108
first_layer_weights23 = -12.5844
first_layer_weights24 = -12.6307
first_layer_weights25 = -12.9514
first_layer_weights26 = 13.6087
first_layer_weights27 = 16.0403
first_layer_weights28 = -18.7237
first_layer_weights29 = -20.3976
first_layer_bias0 = 20.2
first_layer_bias1 = -17.3526
first_layer_bias2 = -14.8862
first_layer_bias3 = 11.7426
first_layer_bias4 = -10.053
first_layer_bias5 = 8.95658
first_layer_bias6 = -7.71878
first_layer_bias7 = 6.98723
first_layer_bias8 = -6.09003
first_layer_bias9 = -5.11153
first_layer_bias10 = 4.11829
first_layer_bias11 = -3.17896
first_layer_bias12 = -2.30489
first_layer_bias13 = 1.37961
first_layer_bias14 = 0.461255
first_layer_bias15 = 0.451384
first_layer_bias16 = -1.37816
first_layer_bias17 = -2.28609
first_layer_bias18 = -3.1917
first_layer_bias19 = 4.09399
first_layer_bias20 = -5.05753
first_layer_bias21 = 6.10351
first_layer_bias22 = -7.02458
first_layer_bias23 = -7.80153
first_layer_bias24 = -8.75019
first_layer_bias25 = -9.90694
first_layer_bias26 = 11.377
first_layer_bias27 = 14.4195
first_layer_bias28 = -17.8381
first_layer_bias29 = -20.6122
second_layer_weights0 = -0.034378
second_layer_weights1 = 0.0258072
second_layer_weights2 = 0.0254394
second_layer_weights3 = -0.0350221
second_layer_weights4 = 0.0361992
second_layer_weights5 = -0.0345581
second_layer_weights6 = 0.0384889
second_layer_weights7 = -0.0346076
second_layer_weights8 = 0.0346881
second_layer_weights9 = 0.0355944
second_layer_weights10 = -0.036958
second_layer_weights11 = 0.0374871
second_layer_weights12 = 0.0355638
second_layer_weights13 = -0.0368453
second_layer_weights14 = -0.0376529
second_layer_weights15 = 0.0386225
second_layer_weights16 = -0.0363264
second_layer_weights17 = -0.0367143
second_layer_weights18 = -0.0369234
second_layer_weights19 = 0.0376732
second_layer_weights20 = -0.0372689
second_layer_weights21 = 0.0350694
second_layer_weights22 = -0.035126
second_layer_weights23 = -0.0374934
second_layer_weights24 = -0.0376513
second_layer_weights25 = -0.0371486
second_layer_weights26 = 0.0380738
second_layer_weights27 = 0.0289162
second_layer_weights28 = -0.024617
second_layer_weights29 = -0.0351479
second_layer_bias = -0.00089535
